30 8
0 9 5 8 29 25 7 2 28 1 18 38 21 2 35 25 28 34 29 36 23 15 19 27 7 19 22 28 13 19 32 26 3 16 27 24 24 29 7 34 24 2 3 40 38 11 33 1 35 15 33 37 30 36 1 33 34 14 4 24 36
37 0 33 32 27 1 35 40 30 2 12 38 6 17 5 2 1 16 8 12 19 11 17 11 19 21 31 2 25 27 17 17 14 28 15 26 3 29 28 15 29 34 26 21 4 9 4 5 20 11 37 9 36 38 37 11 33 25 23 14 28
17 27 0 13 7 19 32 21 26 2 13 37 22 14 7 36 35 35 5 6 11 35 18 39 17 22 8 16 32 38 7 3 5 10 22 40 25 37 15 6 24 37 8 18 3 1 1 27 3 16 27 8 11 11 28 35 36 31 7 21 2
32 23 32 0 19 21 26 26 5 39 8 14 35 23 12 14 13 24 18 29 37 15 20 21 21 20 22 35 38 6 15 16 5 36 5 1 23 31 7 21 33 12 10 20 33 19 14 35 21 36 12 28 11 16 5 28 17 29 30 26 11
31 23 25 39 0 32 27 2 23 9 9 17 26 26 40 15 1 34 33 15 21 31 27 36 18 4 33 11 14 20 36 11 39 8 33 25 10 28 37 32 23 33 35 34 17 18 9 6 16 28 11 29 40 14 28 35 8 18 25 1 34
14 35 33 29 2 0 38 2 16 14 19 35 18 38 29 35 32 8 37 14 7 8 1 19 5 24 20 33 34 1 29 23 35 22 32 25 14 1 39 13 39 27 11 40 13 34 25 28 22 38 32 19 27 26 12 39 23 27 20 30 32
32 40 2 21 37 2 0 30 3 33 38 5 5 2 33 6 18 20 34 16 18 5 24 33 4 20 18 40 26 26 31 40 15 40 2 26 28 18 5 38 38 39 30 11 9 24 26 8 20 7 26 32 12 4 2 3 34 29 18 40 7
25 22 40 5 4 39 33 0 26 32 25 15 19 36 25 29 22 38 14 3 1 21 38 13 11 2 25 35 37 17 6 20 3 4 9 18 28 13 32 18 29 22 17 16 38 12 28 36 4 36 35 35 5 40 17 7 4 28 4 33 33
39 39 19 21 38 17 18 15 0 7 3 35 29 26 2 18 17 6 3 4 21 17 8 7 16 36 22 33 38 7 29 36 34 2 11 24 34 7 23 37 3 35 27 21 18 34 1 8 21 21 5 18 30 25 38 9 34 37 16 22 24
29 15 11 30 38 12 7 29 21 0 20 39 35 11 10 15 9 12 40 7 18 14 5 34 5 12 28 38 32 15 39 16 29 35 31 17 13 35 33 5 40 38 28 23 1 20 35 20 21 37 19 27 34 39 20 20 33 38 36 17 28
15 36 21 17 9 10 28 11 9 30 0 3 27 19 6 1 18 18 31 25 8 23 27 2 17 9 19 17 19 18 22 14 26 6 9 10 2 17 31 26 1 28 4 14 28 4 36 8 18 31 14 25 29 33 26 39 7 25 13 34 27
7 12 9 40 18 13 23 16 3 22 24 0 19 35 40 32 1 18 35 20 15 18 16 10 17 27 39 35 33 27 18 20 32 32 39 16 12 12 29 10 33 34 14 40 31 8 9 15 35 37 8 37 33 20 21 2 40 6 18 18 34
2 36 28 31 37 20 29 30 9 33 26 32 0 2 22 9 17 37 23 6 20 16 34 24 6 26 16 22 1 21 23 39 26 37 34 37 35 20 20 9 39 8 16 28 35 17 18 17 9 7 5 24 36 38 40 29 10 38 14 22 19
2 3 18 17 12 17 11 38 29 2 2 14 8 0 10 29 8 10 19 1 1 25 7 2 39 18 27 39 4 31 1 8 9 33 36 37 31 40 7 23 8 21 23 4 28 25 19 29 40 10 22 33 35 22 38 31 25 26 7 22 16
1 6 25 35 6 11 11 14 34 17 6 22 23 25 0 31 32 28 26 8 32 9 1 27 2 12 25 19 10 7 2 26 35 1 16 11 22 5 36 12 38 33 28 3 13 40 5 26 8 4 6 7 3 16 2 30 27 39 36 35 33
14 29 23 20 32 23 26 17 6 37 25 7 8 26 24 0 36 26 13 18 10 37 12 6 22 17 17 25 37 1 9 15 5 35 13 28 37 36 26 6 10 2 25 9 39 35 5 25 19 26 12 20 23 35 6 20 30 19 38 40 29
2 18 32 16 12 27 39 32 21 8 30 23 10 39 13 11 0 40 4 11 7 28 16 33 26 14 34 38 1 13 25 35 15 3 36 15 18 26 32 9 36 30 32 26 22 7 3 29 12 33 33 34 13 24 5 4 3 12 19 3 33
15 18 16 6 21 14 14 8 20 27 24 4 3 18 29 25 4 0 37 6 33 20 18 31 36 2 20 21 39 36 5 24 26 2 38 3 34 7 22 36 24 5 6 29 33 1 21 14 38 38 26 33 24 17 24 5 17 36 37 6 11
32 40 3 6 29 25 14 6 25 4 22 29 5 39 35 32 21 26 0 27 9 36 16 7 31 33 14 5 21 19 9 29 3 21 11 3 34 12 15 38 38 8 30 4 30 40 15 1 3 17 3 15 34 3 13 29 16 33 21 5 39
15 23 9 6 16 19 22 1 17 35 30 7 7 35 37 24 9 26 6 0 13 20 28 31 2 2 37 28 22 5 13 32 37 33 39 29 31 18 20 26 35 17 1 3 30 15 29 31 10 28 8 1 35 20 1 22 38 14 22 5 19
15 5 11 22 32 2 5 31 9 7 31 33 21 9 18 17 8 37 19 40 0 39 15 12 37 20 25 34 5 27 39 40 15 26 14 10 24 20 32 10 24 36 33 21 8 19 18 1 6 8 15 17 24 4 39 33 11 19 5 1 28
30 11 14 25 15 37 34 25 25 17 10 18 18 36 10 18 38 26 17 38 22 0 5 1 35 22 40 36 31 18 38 34 15 14 4 36 3 21 8 37 33 12 15 20 4 10 29 15 19 4 6 13 12 4 4 6 19 34 16 17 21
2 34 22 3 22 35 30 19 20 37 10 27 4 30 25 40 14 23 14 40 2 4 0 23 40 25 28 32 12 8 5 18 20 24 30 23 26 33 24 20 20 9 10 30 9 6 17 23 11 31 5 10 23 7 21 12 35 3 23 33 33
36 18 33 12 40 9 36 26 28 6 12 9 2 28 7 24 33 4 18 24 33 3 30 0 22 12 3 40 4 20 37 16 4 19 1 7 15 33 10 15 20 33 35 35 29 33 12 23 28 18 15 9 2 32 12 24 40 14 29 39 11
12 30 24 38 15 33 11 10 33 14 24 13 9 28 5 10 8 31 4 32 24 22 25 8 0 2 21 36 4 32 23 32 33 37 39 37 31 27 17 21 12 15 17 20 27 19 19 8 28 14 23 32 19 17 21 23 26 34 13 29 31
8 32 22 16 5 37 36 1 14 33 38 36 24 24 30 17 25 28 20 7 19 2 6 25 14 0 3 6 3 33 37 21 11 32 1 36 29 38 24 24 29 35 6 23 11 29 24 22 37 31 37 40 29 33 26 8 17 11 9 40 20
33 8 19 7 24 28 23 10 22 2 27 4 7 26 33 23 9 38 35 40 27 1 16 18 31 16 0 36 30 33 20 34 33 38 19 1 8 25 12 29 35 24 4 7 35 9 26 31 34 3 13 29 25 23 39 12 36 5 15 21 22
33 20 39 40 33 23 15 4 26 24 33 39 18 30 10 18 17 10 36 38 30 14 22 14 3 5 28 0 25 30 27 22 7 26 28 31 10 10 9 13 14 10 7 4 10 36 18 1 32 20 38 21 12 32 29 30 35 35 21 36 38
20 22 9 39 20 21 36 25 31 19 27 10 33 7 34 30 8 38 22 22 13 13 39 16 24 34 30 4 0 36 30 32 35 11 35 39 4 40 22 2 24 39 27 19 21 25 1 23 40 15 40 25 19 28 23 27 8 12 10 28 35
38 13 36 16 20 8 12 9 9 13 28 18 8 3 17 10 37 18 34 27 15 19 16 21 36 31 36 18 38 0 18 13 11 11 8 38 9 9 39 39 2 12 16 38 3 9 31 10 24 18 5 31 34 13 14 20 18 13 7 26 7
33 7 21 2 24 29 17 30 34 32 32 31 9 3 30 17 31 39 3 33 3 36 28 26 9 31 11 30 21 14 0 37 31 10 24 25 28 36 13 10 16 16 30 29 7 12 1 28 27 16 27 38 33 9 24 4 8 8 10 24 10
38 33 27 26 30 20 22 1 38 28 32 18 18 38 15 13 40 27 24 39 16 17 35 24 5 34 40 33 26 11 34 0 2 2 5 28 31 39 7 35 39 27 34 31 29 5 38 24 7 7 8 6 33 16 20 40 37 36 26 39 18
31 39 25 18 6 26 17 35 35 24 28 14 6 34 26 38 18 34 2 36 16 12 22 15 21 37 20 11 14 35 18 31 0 31 15 21 29 4 33 29 19 38 21 26 36 26 15 2 10 8 17 35 9 33 30 29 37 35 9 35 18
26 2 9 5 39 37 16 34 19 13 5 24 40 23 35 40 11 37 27 31 25 26 27 37 20 26 14 35 16 10 28 31 29 0 5 19 18 2 26 7 39 37 6 32 22 3 11 40 3 36 20 11 10 14 33 37 18 9 37 5 17
12 2 8 2 37 8 40 3 13 5 14 31 31 18 28 35 33 8 36 37 40 16 24 13 21 25 10 40 13 29 23 38 18 30 0 2 40 31 28 12 3 27 23 10 15 4 5 21 15 10 25 31 1 20 19 9 3 30 2 15 7
36 10 38 19 12 25 21 8 25 27 15 22 27 23 12 16 27 37 38 39 20 29 21 9 6 36 22 33 16 34 27 6 31 1 28 0 40 13 22 16 32 8 32 39 28 36 2 10 9 19 40 7 39 31 28 33 21 36 17 36 24
6 11 5 32 17 36 16 6 21 1 7 39 26 16 16 9 27 1 28 11 1 22 31 24 22 11 28 21 21 28 24 35 35 33 19 28 0 17 19 6 25 31 9 26 15 2 4 39 16 30 19 3 3 5 38 23 6 31 23 11 34
33 33 36 10 14 18 13 2 27 25 10 38 15 16 35 30 18 22 13 34 29 27 2 18 5 38 33 23 4 22 14 33 18 37 28 34 7 0 21 15 14 20 21 38 31 15 16 6 26 9 36 5 25 11 29 26 20 19 29 6 5
11 35 37 33 4 33 11 9 9 32 7 35 36 36 11 13 7 24 8 37 11 2 9 11 5 4 40 40 27 21 5 9 12 8 5 7 9 39 0 8 30 30 39 30 35 13 16 14 39 20 23 19 2 29 14 21 20 16 13 13 40
26 34 18 5 26 30 29 13 5 26 12 4 4 11 25 5 12 3 9 39 2 12 11 5 2 23 29 15 23 9 16 26 30 21 14 16 27 16 34 0 2 2 15 12 1 9 2 21 6 35 13 1 18 17 25 34 35 18 12 37 9
32 15 19 12 25 34 10 25 20 33 6 21 33 3 2 4 2 38 33 17 28 6 37 37 21 16 29 30 24 23 2 35 38 40 28 37 2 20 36 29 0 14 2 4 10 21 3 38 33 3 36 35 35 38 14 20 20 2 18 35 35
31 2 35 10 11 20 17 18 21 38 40 9 12 28 14 26 3 32 18 20 22 14 36 33 21 20 14 7 39 15 26 16 12 29 23 12 38 35 1 36 34 0 15 14 11 26 1 7 38 31 14 30 26 5 22 31 33 28 16 17 23
20 37 30 21 3 29 34 16 20 3 36 21 14 17 16 27 14 35 13 39 32 12 11 39 17 29 6 28 14 32 40 25 33 40 33 23 36 20 11 31 34 6 0 37 25 7 39 5 27 32 30 15 23 6 3 38 40 9 11 20 16
38 28 7 7 6 34 9 4 23 30 35 32 18 40 34 38 35 22 24 30 39 7 10 28 32 13 7 30 15 32 37 21 27 34 12 40 32 1 28 35 21 31 15 0 25 33 8 17 37 21 12 19 11 24 29 7 32 6 4 18 18
26 20 19 39 7 24 29 38 21 13 23 22 2 27 33 9 16 35 22 23 38 21 11 38 1 9 25 24 26 6 4 8 39 38 15 26 33 17 8 15 15 4 40 2 0 12 31 22 30 16 23 2 33 26 12 6 3 21 30 40 11
11 14 40 9 6 1 20 23 33 1 7 9 35 23 35 35 5 11 23 33 36 5 40 31 11 3 29 21 12 35 34 14 31 13 24 27 25 10 1 5 26 19 12 17 35 0 28 17 29 3 25 26 28 29 37 6 27 28 35 33 40
15 20 6 10 40 38 16 39 34 8 27 17 34 22 16 16 28 24 1 14 28 10 16 33 4 37 12 26 25 37 3 40 20 4 29 26 27 11 20 9 27 10 23 19 40 15 0 18 31 23 26 25 16 35 34 17 5 25 17 17 2
13 5 8 3 29 26 14 34 10 33 17 6 31 16 30 9 13 10 32 22 20 3 21 13 28 12 29 25 39 14 18 7 5 8 14 28 6 17 34 37 31 3 2 2 2 34 27 0 31 15 8 4 5 30 30 4 4 31 23 29 22
36 20 13 40 25 40 5 23 21 35 12 4 26 34 37 13 39 10 11 25 32 23 18 5 40 32 38 29 15 9 9 23 32 8 17 4 3 13 19 34 5 28 38 6 22 13 19 8 0 25 19 15 36 28 28 18 10 22 25 38 37
26 27 38 14 26 5 15 27 37 36 4 12 24 4 25 23 13 7 36 4 33 38 20 14 18 1 38 20 5 23 24 13 24 34 34 25 6 11 17 17 9 12 4 33 15 39 30 10 25 0 10 35 31 23 34 14 11 26 32 3 5
23 17 11 20 21 16 21 13 29 34 6 15 35 8 36 15 25 21 1 23 39 29 28 10 37 15 38 25 21 25 22 38 20 13 7 28 40 40 18 26 27 37 8 15 4 27 36 25 6 8 0 24 10 26 33 18 39 31 6 40 9
23 1 29 35 9 2 7 28 31 35 8 13 35 12 31 10 24 27 6 17 28 15 36 14 37 4 32 19 14 2 4 1 20 35 40 13 23 21 4 35 25 7 30 6 29 33 19 12 29 14 16 0 31 6 5 12 13 26 33 17 25
18 3 16 4 32 10 3 18 24 27 19 37 33 32 34 32 15 22 12 4 15 8 29 11 39 11 19 7 7 30 30 28 7 15 31 18 5 14 1 23 18 15 33 30 13 18 23 7 23 15 14 12 0 26 16 21 39 25 19 2 29
39 14 7 17 8 18 39 5 6 38 32 28 2 8 1 19 38 39 34 25 7 13 10 24 12 14 12 12 1 16 34 6 9 6 17 39 3 3 3 35 3 9 22 26 10 22 35 36 28 40 29 1 30 0 38 35 26 38 7 26 37
25 30 25 29 39 5 14 12 4 29 8 1 20 2 20 33 22 3 14 21 33 8 5 4 10 30 18 10 6 1 38 32 3 23 14 17 20 14 5 26 13 33 18 31 15 2 15 2 38 11 38 2 5 1 0 1 39 23 26 10 34
9 40 19 36 27 1 32 10 4 9 31 20 9 14 18 14 30 16 19 20 33 15 31 6 7 21 2 7 10 3 23 4 31 28 25 7 20 8 29 34 25 32 34 37 26 31 2 18 12 20 28 18 9 21 36 0 27 37 19 39 3
36 3 17 35 19 17 40 14 32 29 10 15 5 12 11 2 40 26 32 4 9 17 3 16 23 9 4 8 35 34 16 28 21 40 25 10 35 15 8 30 34 24 22 37 12 11 17 34 4 9 22 30 2 4 27 11 0 35 27 21 30
28 13 21 35 16 35 22 3 17 9 40 15 10 15 9 40 10 19 24 6 4 28 13 6 37 22 36 21 22 5 28 20 24 19 35 35 40 33 8 6 37 38 37 3 1 11 11 14 23 28 22 35 4 29 12 31 38 0 37 9 6
31 7 14 1 36 10 8 6 37 11 11 22 31 16 21 7 31 40 26 8 14 3 24 13 26 12 29 32 25 8 2 3 1 16 9 2 21 22 2 31 13 29 28 2 35 33 38 39 5 23 38 18 23 28 3 38 10 36 0 38 26
37 37 3 22 13 17 12 31 24 1 17 39 24 22 29 24 38 5 13 9 4 13 23 22 10 34 29 22 21 22 9 2 13 39 32 7 23 5 9 26 34 26 29 3 34 33 32 8 21 35 4 36 40 8 19 17 11 33 40 0 26
13 38 1 17 29 11 15 24 26 37 35 25 11 30 27 17 5 18 12 27 2 23 24 37 16 15 7 21 34 29 19 40 40 4 19 30 16 15 39 40 11 25 32 20 3 12 11 21 12 2 36 7 21 2 40 26 26 39 17 32 0