40 15
0 9 5 8 29 25 7 2 28 1 18 38 21 2 35 25 28 34 29 36 23 15 19 27 7 19 22 28 13 19 32 26 3 16 27 24 24 29 7 34 24 2 3 40 38 11 33 1 35 15 33 37 30 36 1 33 34 14 4 24 36 33 32 27 1 35 40 30 2 12 38 6 17 5 2 1 16 8 12 19 11
37 0 17 11 19 21 31 2 25 27 17 17 14 28 15 26 3 29 28 15 29 34 26 21 4 9 4 5 20 11 37 9 36 38 37 11 33 25 23 14 28 13 7 19 32 21 26 2 13 37 22 14 7 36 35 35 5 6 11 35 18 39 17 22 8 16 32 38 7 3 5 10 22 40 25 37 15 6 24 37 8
17 34 0 18 3 1 1 27 3 16 27 8 11 11 28 35 36 31 7 21 2 19 21 26 26 5 39 8 14 35 23 12 14 13 24 18 29 37 15 20 21 21 20 22 35 38 6 15 16 5 36 5 1 23 31 7 21 33 12 10 20 33 19 14 35 21 36 12 28 11 16 5 28 17 29 30 26 11 32 27 2
32 18 7 0 23 9 9 17 26 26 40 15 1 34 33 15 21 31 27 36 18 4 33 11 14 20 36 11 39 8 33 25 10 28 37 32 23 33 35 34 17 18 9 6 16 28 11 29 40 14 28 35 8 18 25 1 34 38 2 16 14 19 35 18 38 29 35 32 8 37 14 7 8 1 19 5 24 20 33 34 1
31 30 19 38 0 29 23 35 22 32 25 14 1 39 13 39 27 11 40 13 34 25 28 22 38 32 19 27 26 12 39 23 27 20 30 32 30 3 33 38 5 5 2 33 6 18 20 34 16 18 5 24 33 4 20 18 40 26 26 31 40 15 40 2 26 28 18 5 38 38 39 30 11 9 24 26 8 20 7 26 32
14 32 40 38 29 0 12 4 2 3 34 29 18 40 7 26 32 25 15 19 36 25 29 22 38 14 3 1 21 38 13 11 2 25 35 37 17 6 20 3 4 9 18 28 13 32 18 29 22 17 16 38 12 28 36 4 36 35 35 5 40 17 7 4 28 4 33 33 7 3 35 29 26 2 18 17 6 3 4 21 17
32 8 6 9 20 3 0 8 7 16 36 22 33 38 7 29 36 34 2 11 24 34 7 23 37 3 35 27 21 18 34 1 8 21 21 5 18 30 25 38 9 34 37 16 22 24 20 39 35 11 10 15 9 12 40 7 18 14 5 34 5 12 28 38 32 15 39 16 29 35 31 17 13 35 33 5 40 38 28 23 1
25 20 8 18 26 39 20 0 20 35 20 21 37 19 27 34 39 20 20 33 38 36 17 28 3 27 19 6 1 18 18 31 25 8 23 27 2 17 9 19 17 19 18 22 14 26 6 9 10 2 17 31 26 1 28 4 14 28 4 36 8 18 31 14 25 29 33 26 39 7 25 13 34 27 19 35 40 32 1 18 35
39 22 13 37 37 14 28 1 0 20 15 18 16 10 17 27 39 35 33 27 18 20 32 32 39 16 12 12 29 10 33 34 14 40 31 8 9 15 35 37 8 37 33 20 21 2 40 6 18 18 34 2 22 9 17 37 23 6 20 16 34 24 6 26 16 22 1 21 23 39 26 37 34 37 35 20 20 9 39 8 16
29 13 38 12 8 32 33 8 7 0 28 35 17 18 17 9 7 5 24 36 38 40 29 10 38 14 22 19 10 29 8 10 19 1 1 25 7 2 39 18 27 39 4 31 1 8 9 33 36 37 31 40 7 23 8 21 23 4 28 25 19 29 40 10 22 33 35 22 38 31 25 26 7 22 16 31 32 28 26 8 32
15 7 11 6 25 40 14 33 33 18 0 9 1 27 2 12 25 19 10 7 2 26 35 1 16 11 22 5 36 12 38 33 28 3 13 40 5 26 8 4 6 7 3 16 2 30 27 39 36 35 33 36 26 13 18 10 37 12 6 22 17 17 25 37 1 9 15 5 35 13 28 37 36 26 6 10 2 25 9 39 35
7 33 29 32 36 22 22 35 18 2 10 0 5 25 19 26 12 20 23 35 6 20 30 19 38 40 29 40 4 11 7 28 16 33 26 14 34 38 1 13 25 35 15 3 36 15 18 26 32 9 36 30 32 26 22 7 3 29 12 33 33 34 13 24 5 4 3 12 19 3 33 37 6 33 20 18 31 36 2 20 21
2 39 16 12 18 8 26 36 27 35 25 16 0 39 36 5 24 26 2 38 3 34 7 22 36 24 5 6 29 33 1 21 14 38 38 26 33 24 17 24 5 17 36 37 6 11 27 9 36 16 7 31 33 14 5 21 19 9 29 3 21 11 3 34 12 15 38 38 8 30 4 30 40 15 1 3 17 3 15 34 3
2 2 7 21 33 12 31 34 9 34 7 9 38 0 13 29 16 33 21 5 39 13 20 28 31 2 2 37 28 22 5 13 32 37 33 39 29 31 18 20 26 35 17 1 3 30 15 29 31 10 28 8 1 35 20 1 22 38 14 22 5 19 39 15 12 37 20 25 34 5 27 39 40 15 26 14 10 24 20 32 10
1 2 25 29 30 15 9 35 13 31 5 13 18 14 0 24 36 33 21 8 19 18 1 6 8 15 17 24 4 39 33 11 19 5 1 28 5 1 35 22 40 36 31 18 38 34 15 14 4 36 3 21 8 37 33 12 15 20 4 10 29 15 19 4 6 13 12 4 4 6 19 34 16 17 21 23 40 25 28 32 12
14 10 19 16 34 15 34 27 36 26 30 23 39 19 28 0 8 5 18 20 24 30 23 26 33 24 20 20 9 10 30 9 6 17 23 11 31 5 10 23 7 21 12 35 3 23 33 33 22 12 3 40 4 20 37 16 4 19 1 7 15 33 10 15 20 33 35 35 29 33 12 23 28 18 15 9 2 32 12 24 40
2 11 17 32 20 29 38 38 4 24 33 15 27 32 22 16 0 14 29 39 11 2 21 36 4 32 23 32 33 37 39 37 31 27 17 21 12 15 17 20 27 19 19 8 28 14 23 32 19 17 21 23 26 34 13 29 31 3 6 3 33 37 21 11 32 1 36 29 38 24 24 29 35 6 23 11 29 24 22 37 31
15 33 21 15 29 11 35 29 39 35 10 10 34 24 32 28 6 0 37 40 29 33 26 8 17 11 9 40 20 36 30 33 20 34 33 38 19 1 8 25 12 29 35 24 4 7 35 9 26 31 34 3 13 29 25 23 39 12 36 5 15 21 22 25 30 27 22 7 26 28 31 10 10 9 13 14 10 7 4 10 36
32 35 14 22 34 16 19 9 10 35 34 32 37 26 39 35 13 15 0 18 1 32 20 38 21 12 32 29 30 35 35 21 36 38 36 30 32 35 11 35 39 4 40 22 2 24 39 27 19 21 25 1 23 40 15 40 25 19 28 23 27 8 12 10 28 35 18 13 11 11 8 38 9 9 39 39 2 12 16 38 3
15 34 3 40 24 30 13 29 18 33 17 19 8 13 38 22 22 4 26 0 9 31 10 24 18 5 31 34 13 14 20 18 13 7 26 7 37 31 10 24 25 28 36 13 10 16 16 30 29 7 12 1 28 27 16 27 38 33 9 24 4 8 8 10 24 10 2 2 5 28 31 39 7 35 39 27 34 31 29 5 38
15 15 1 15 1 38 25 9 31 2 30 33 37 12 36 27 37 11 25 35 0 24 7 7 8 6 33 16 20 40 37 36 26 39 18 31 15 21 29 4 33 29 19 38 21 26 36 26 15 2 10 8 17 35 9 33 30 29 37 35 9 35 18 5 19 18 2 26 7 39 37 6 32 22 3 11 40 3 36 20 11
30 2 39 5 38 14 21 11 18 20 15 14 1 40 28 24 14 14 29 37 7 0 10 14 33 37 18 9 37 5 17 2 40 31 28 12 3 27 23 10 15 4 5 21 15 10 25 31 1 20 19 9 3 30 2 15 7 40 13 22 16 32 8 32 39 28 36 2 10 9 19 40 7 39 31 28 33 21 36 17 36
2 37 29 24 26 17 27 1 14 9 26 2 22 38 20 21 31 30 20 14 23 15 0 24 17 19 6 25 31 9 26 15 2 4 39 16 30 19 3 3 5 38 23 6 31 23 11 34 21 15 14 20 21 38 31 15 16 6 26 9 36 5 25 11 29 26 20 19 29 6 5 8 30 30 39 30 35 13 16 14 39
36 28 21 33 40 32 9 37 24 5 35 40 24 40 32 31 3 21 25 9 13 6 30 0 20 23 19 2 29 14 21 20 16 13 13 40 2 2 15 12 1 9 2 21 6 35 13 1 18 17 25 34 35 18 12 37 9 14 2 4 10 21 3 38 33 3 36 35 35 38 14 20 20 2 18 35 35 15 14 11 26
12 20 5 20 5 8 5 24 31 10 28 7 3 24 33 2 24 9 19 23 38 23 7 17 0 1 7 38 31 14 30 26 5 22 31 33 28 16 17 23 37 25 7 39 5 27 32 30 15 23 6 3 38 40 9 11 20 16 25 33 8 17 37 21 12 19 11 24 29 7 32 6 4 18 18 12 31 22 30 16 23
8 14 21 20 16 6 20 26 22 31 12 24 38 32 39 9 36 22 7 25 1 28 9 18 10 0 2 33 26 12 6 3 21 30 40 11 28 17 29 3 25 26 28 29 37 6 27 28 35 33 40 18 31 23 26 25 16 35 34 17 5 25 17 17 2 31 15 8 4 5 30 30 4 4 31 23 29 22 25 19 15
33 20 30 24 2 1 21 2 39 24 16 17 32 7 28 11 9 12 12 2 28 40 27 4 3 29 0 36 28 28 18 10 22 25 38 37 10 35 31 23 34 14 11 26 32 3 5 24 10 26 33 18 39 31 6 40 9 31 6 5 12 13 26 33 17 25 26 16 21 39 25 19 2 29 38 35 26 38 7 26 37
33 5 17 30 10 31 20 6 38 11 35 4 35 40 15 37 5 34 10 30 6 19 2 1 28 13 23 0 1 39 23 26 10 34 27 37 19 39 3 35 27 21 30 37 9 6 38 26 26 3 11 25 8 1 7 10 16 3 6 7 38 3 27 23 4 40 15 35 32 23 26 37 21 5 1 20 29 1 18 20 40
20 20 40 6 18 25 23 25 35 25 11 21 22 38 7 36 21 15 7 16 32 16 38 3 12 10 28 36 0 30 8 20 33 2 29 28 18 24 14 40 36 40 15 23 27 28 29 17 34 33 13 15 25 17 32 9 31 34 7 7 26 8 34 11 18 21 17 10 15 31 35 22 12 17 5 24 13 1 22 22 22
38 27 31 39 5 19 21 30 4 26 25 9 35 22 33 11 20 28 8 1 4 39 36 5 37 15 38 27 25 0 17 40 23 5 15 31 19 7 34 11 15 29 28 40 5 10 14 26 7 11 14 36 20 9 33 31 28 34 14 3 33 19 20 11 17 10 25 32 25 6 14 4 20 27 40 9 23 40 34 16 6
33 17 17 37 1 26 33 24 21 39 2 8 11 27 33 10 21 30 21 3 28 4 32 29 7 26 12 12 15 26 0 22 29 11 40 28 11 3 25 8 19 4 22 38 32 14 33 22 12 34 5 26 17 19 17 12 17 28 7 4 12 36 9 26 1 33 1 22 17 39 5 37 34 2 26 1 27 12 26 13 15
38 1 35 12 17 10 34 22 9 18 14 38 24 33 9 11 6 36 32 34 20 28 33 8 15 12 4 3 9 18 2 0 40 35 22 13 39 25 19 17 18 38 33 13 2 14 11 15 3 15 17 14 25 3 32 20 26 40 19 17 40 38 10 4 17 32 30 3 22 40 28 28 39 13 26 7 11 24 28 8 4
31 3 20 17 35 1 10 30 21 39 16 14 10 39 4 40 22 11 22 5 3 19 25 8 9 1 23 19 33 40 2 29 0 39 8 31 12 15 7 21 29 25 37 3 13 9 18 1 24 14 20 9 11 27 9 13 39 14 35 12 5 16 5 16 40 10 17 37 6 34 12 31 36 36 9 38 28 24 29 26 37
26 14 16 14 10 10 21 31 32 35 34 33 10 36 14 16 5 40 21 8 2 28 27 2 33 35 5 40 24 28 18 35 13 0 4 24 30 30 24 10 13 31 19 14 39 19 6 28 14 32 25 4 20 14 1 21 16 11 4 11 33 32 36 2 28 16 1 3 21 9 12 10 17 25 33 5 31 14 34 15 13
12 30 6 4 17 4 37 10 22 9 33 8 7 31 4 21 5 20 38 22 40 5 6 9 32 34 21 11 7 40 14 17 15 4 0 16 34 20 40 33 14 8 1 40 6 12 35 27 35 9 23 13 30 26 1 14 23 1 29 20 20 22 14 4 12 30 3 38 18 16 9 23 32 25 20 16 34 28 17 1 31
36 40 6 26 11 25 29 10 9 36 35 25 21 37 2 18 2 14 21 29 29 14 3 39 24 3 12 31 10 23 19 33 25 40 13 0 23 39 36 10 26 40 13 9 8 3 18 23 10 5 28 20 26 24 23 31 18 20 4 4 6 30 16 26 25 38 18 14 6 23 8 15 22 35 6 37 11 40 23 32 6
6 3 6 25 33 9 31 12 17 30 16 9 27 39 4 20 21 10 26 34 18 28 6 29 38 15 8 38 8 2 3 17 9 11 22 5 0 28 5 17 26 38 28 40 5 27 34 23 29 1 20 9 18 40 11 20 8 38 12 29 16 28 10 24 19 6 28 33 28 5 24 34 4 13 23 16 34 36 11 1 33
33 13 22 11 18 30 24 24 6 28 30 17 22 11 3 28 21 22 14 18 31 23 40 36 29 34 14 17 17 39 32 16 40 37 31 16 14 0 4 36 2 35 15 22 7 27 39 36 30 21 20 20 31 8 1 28 14 1 31 14 14 19 30 37 14 25 2 20 29 19 12 26 30 16 1 18 32 8 8 29 14
11 7 25 3 7 1 6 38 4 28 37 8 39 34 22 36 17 28 16 28 35 33 23 31 26 13 15 26 22 4 35 40 23 23 37 36 5 10 0 4 25 24 10 33 3 14 35 20 31 2 28 23 24 18 30 31 40 19 29 8 29 34 33 16 11 16 2 26 9 6 30 25 19 26 1 10 28 20 36 10 11
26 37 3 6 28 35 4 27 12 24 25 37 3 37 2 29 32 33 13 23 18 12 5 35 25 39 40 38 10 40 25 10 33 30 16 9 22 6 12 0 32 8 23 20 20 3 19 14 18 19 22 6 9 25 22 11 2 2 40 2 35 2 33 7 37 2 6 14 38 27 35 13 9 31 28 7 29 34 6 28 23
32 38 12 7 23 34 4 33 15 26 36 31 16 39 1 10 1 40 16 27 12 15 3 15 15 27 11 10 15 35 28 24 11 35 19 9 24 10 28 28 0 6 24 38 22 14 21 11 6 19 38 32 30 29 24 34 12 1 20 10 9 30 6 33 25 40 35 28 18 9 25 18 9 14 25 4 15 19 37 22 39
31 32 38 6 29 3 32 27 13 30 31 40 26 17 14 5 11 29 21 24 30 24 20 5 40 33 20 11 1 19 15 18 31 35 37 22 21 18 34 4 30 0 40 5 1 5 9 17 14 22 23 11 6 8 29 33 1 10 39 13 11 33 21 19 10 4 19 2 21 10 7 17 32 13 9 2 11 16 40 7 13
20 25 16 40 11 8 17 28 37 7 34 18 19 20 13 31 4 29 4 14 38 29 20 9 12 18 9 26 31 26 27 15 12 39 3 9 34 24 5 21 8 26 0 24 18 6 15 20 9 9 35 20 7 29 7 26 1 31 24 14 36 34 15 28 24 15 16 24 3 28 27 29 39 29 3 17 34 27 21 1 13
38 33 7 29 11 6 37 32 28 3 1 11 40 39 19 3 28 14 27 5 12 14 35 37 23 22 28 36 9 1 37 35 33 9 21 39 39 9 11 3 39 5 11 0 13 20 15 16 18 12 1 10 25 30 15 23 6 11 28 25 38 6 36 37 19 22 1 25 18 33 18 32 28 38 33 11 3 17 21 8 11
26 2 40 25 26 2 24 32 1 3 20 33 5 30 36 13 40 6 23 16 33 17 40 34 2 2 23 33 22 26 39 7 16 15 34 9 13 17 38 29 7 2 7 20 0 27 17 9 17 18 12 28 10 33 10 3 33 34 25 19 30 35 27 17 4 17 33 9 4 21 11 27 10 34 34 28 10 26 21 32 5
11 40 39 26 39 9 26 28 20 38 18 27 18 23 17 24 18 7 24 2 27 34 21 17 38 31 35 39 40 38 38 18 8 7 30 39 23 23 33 23 39 6 20 24 37 0 9 6 39 24 33 12 28 5 20 24 20 26 29 21 27 9 17 28 31 4 34 23 9 10 10 22 36 38 11 27 18 40 31 6 32
15 19 16 21 14 13 30 5 15 34 11 27 6 33 12 23 37 25 39 26 39 7 23 26 4 11 2 40 8 31 6 21 36 15 6 18 32 3 30 36 11 36 25 2 39 2 0 30 28 32 10 10 25 8 10 34 34 32 4 26 17 19 28 14 37 26 16 28 29 18 24 19 38 39 2 22 26 19 18 10 4
13 11 2 9 14 25 22 14 15 23 9 18 19 14 26 24 37 29 14 40 31 40 16 35 8 11 16 17 4 32 26 11 1 33 9 1 8 4 20 17 22 4 35 39 6 14 3 0 25 21 30 9 10 32 19 15 40 39 18 30 24 28 15 4 7 35 22 13 18 32 21 35 32 18 8 9 6 25 28 14 1
36 21 26 32 22 18 33 15 22 18 21 7 17 22 16 8 39 12 15 37 20 31 39 23 30 33 14 32 19 27 16 39 19 20 3 1 22 3 9 11 14 28 20 20 16 39 17 29 0 40 7 22 38 24 26 27 20 29 40 39 30 31 7 18 17 7 3 21 3 27 40 28 37 8 4 9 33 25 9 40 37
26 9 18 8 5 16 2 7 39 23 29 12 14 25 29 25 12 29 26 4 5 17 16 35 33 33 29 19 21 32 32 25 4 4 21 30 15 20 29 33 36 18 20 8 37 31 34 1 8 0 9 10 38 13 14 36 24 28 1 16 18 2 21 33 28 9 30 36 17 6 26 24 33 32 35 4 21 7 23 12 8
23 28 5 39 34 4 17 10 25 16 27 2 18 4 22 18 10 38 12 34 32 14 20 26 22 12 38 18 14 20 27 17 10 14 29 26 27 25 38 36 5 13 8 23 30 10 21 16 6 36 0 10 5 18 24 15 19 35 30 19 1 31 13 12 5 11 38 12 26 23 23 1 40 30 9 25 22 17 10 17 1
23 18 2 27 30 38 37 7 8 16 11 3 4 23 27 14 7 38 25 3 24 25 35 34 18 27 28 18 16 3 14 17 5 20 26 9 13 25 28 3 37 27 34 37 2 9 14 21 8 10 30 0 3 19 34 5 10 12 28 11 21 29 33 19 9 40 4 8 32 33 8 10 27 8 1 33 4 11 3 17 2
18 25 19 19 36 23 8 12 23 36 25 14 20 17 2 16 23 38 39 18 20 25 20 30 34 19 22 17 23 19 1 3 38 40 6 28 33 19 14 9 33 23 14 32 20 3 8 14 36 16 11 30 0 31 32 38 13 23 24 24 30 29 40 6 15 16 20 24 8 39 16 19 8 27 30 13 28 25 37 20 39
39 23 32 16 11 39 27 6 8 11 32 35 35 4 12 21 37 32 15 9 20 35 1 6 22 30 22 8 1 17 3 10 18 28 24 29 3 38 14 21 25 28 26 8 9 23 21 11 27 2 31 15 39 0 37 25 7 30 26 38 10 21 39 26 21 9 24 21 3 30 30 33 18 40 19 21 22 13 27 27 33
25 32 10 36 36 34 4 40 10 3 24 16 36 25 6 26 26 19 5 24 7 9 17 31 37 36 38 30 33 20 6 28 5 30 19 19 38 7 37 31 34 22 2 39 27 17 31 23 5 32 12 8 22 31 0 6 2 9 23 34 39 6 15 32 25 17 1 34 2 34 10 40 7 8 26 32 37 15 25 22 17
9 16 33 13 23 23 35 36 3 28 17 5 22 21 14 24 10 12 21 22 9 32 10 26 28 19 4 30 28 9 40 24 11 27 38 12 4 5 18 19 31 7 31 4 30 24 29 14 29 30 3 39 6 8 25 0 27 15 40 16 37 37 12 14 4 22 24 28 23 5 30 23 6 33 25 5 30 17 34 28 23
36 3 5 29 15 27 7 35 5 17 18 28 34 20 12 15 16 18 14 4 3 19 11 40 29 23 36 16 6 22 29 23 27 7 24 1 18 8 27 17 10 4 19 16 32 27 10 4 28 31 29 13 12 24 25 9 0 22 34 10 7 18 15 12 23 3 25 23 36 27 33 30 4 36 20 28 38 16 6 26 19
28 9 12 2 36 13 17 23 7 40 40 13 3 4 7 37 16 2 7 30 31 28 17 34 32 35 12 15 18 21 20 13 26 33 7 15 8 16 18 35 12 27 31 13 3 31 10 30 26 34 36 2 6 31 26 26 29 0 39 6 15 31 33 37 6 6 16 6 3 9 31 4 32 32 31 1 17 8 6 36 24
31 11 10 39 12 28 37 7 21 27 24 39 24 6 21 13 5 4 1 34 21 34 13 34 2 15 1 7 15 18 20 18 32 25 26 32 36 5 5 37 12 14 12 9 7 24 13 30 35 27 39 11 10 14 40 3 1 32 0 15 36 2 3 22 36 39 20 14 31 25 1 20 37 25 26 38 16 27 29 20 3
37 14 21 17 17 18 6 27 18 23 10 13 2 8 5 9 34 36 6 38 24 7 11 21 17 2 2 3 28 20 31 31 39 2 12 1 37 22 21 27 14 5 31 26 27 40 22 31 9 25 16 29 13 22 26 13 16 27 35 0 32 40 10 8 18 1 38 10 21 29 39 38 26 37 2 36 16 23 36 6 15
13 22 7 12 22 5 14 17 4 22 17 25 27 9 10 24 31 29 10 23 1 16 40 15 19 17 18 8 10 37 17 10 32 32 15 39 30 19 19 30 16 30 13 23 7 10 32 28 39 40 20 4 25 18 10 10 15 13 10 32 0 16 34 36 33 4 17 22 28 14 40 32 12 1 2 24 27 16 38 27 25
27 33 39 10 17 12 33 12 2 16 23 24 36 27 3 18 31 29 35 16 13 37 21 26 2 11 30 17 29 32 14 23 14 24 22 1 4 30 15 40 9 2 35 3 28 31 3 5 25 34 10 40 23 13 34 22 24 8 25 24 13 0 11 1 7 19 36 40 12 11 33 32 29 19 23 16 3 14 16 18 24
23 24 9 13 16 10 2 4 9 34 18 15 38 22 23 11 34 7 22 28 40 12 14 27 6 38 35 10 14 17 3 25 10 28 3 9 32 36 21 25 32 40 9 30 2 17 6 23 22 7 13 23 38 3 13 7 37 23 9 36 11 38 0 27 30 34 3 15 10 8 5 28 25 30 13 26 35 28 33 33 31
23 22 10 20 40 14 24 6 24 4 30 38 28 2 38 5 37 4 25 2 30 23 3 31 33 32 18 8 14 19 36 5 13 39 2 40 33 33 10 8 36 20 13 23 39 37 2 21 10 16 20 38 16 18 31 27 29 35 25 14 6 14 13 0 7 19 24 12 35 13 15 17 15 17 26 26 27 4 15 10 35
35 19 3 17 21 3 19 8 7 8 10 22 13 33 29 37 26 18 21 9 1 40 14 5 15 11 36 25 24 22 37 5 40 25 39 15 25 30 17 37 26 29 32 24 19 39 21 25 3 17 17 35 7 7 21 33 24 3 5 35 11 4 33 25 0 40 29 20 21 15 26 3 14 9 23 33 26 1 21 21 14
40 39 40 11 16 6 13 19 18 12 17 30 8 24 15 33 25 30 34 19 33 26 8 9 6 8 7 40 23 17 20 14 36 34 21 40 37 6 27 25 28 3 4 24 21 19 19 32 11 34 26 34 6 14 36 35 12 21 29 32 20 10 21 33 38 0 14 40 36 30 8 25 25 38 30 35 11 23 37 9 25
22 9 14 23 13 31 32 32 33 32 13 40 9 19 8 39 36 33 14 31 37 27 15 27 30 10 30 11 37 29 25 20 5 36 18 12 9 5 28 32 33 11 8 8 2 32 20 10 1 37 20 16 34 31 34 23 35 29 21 29 38 26 15 21 28 26 0 13 4 13 18 36 33 27 10 1 27 12 25 33 19
39 36 20 27 11 24 28 8 8 8 38 10 33 27 13 28 11 11 11 31 8 26 33 25 26 25 5 37 2 11 7 18 24 13 34 11 15 40 15 23 31 40 5 20 35 32 23 5 22 24 30 29 6 37 17 15 23 13 28 10 23 24 35 27 24 33 39 0 11 33 20 40 33 4 39 21 25 26 11 10 20
15 21 35 14 29 21 24 31 9 2 40 31 18 30 8 38 38 35 35 38 21 28 22 18 31 12 9 11 17 3 11 1 23 3 5 22 32 14 5 3 31 2 14 4 14 29 21 32 11 8 6 15 38 4 25 25 37 29 5 26 24 38 28 16 17 6 22 20 0 3 30 23 40 35 35 16 5 17 35 22 2
36 27 4 25 10 9 13 10 18 14 35 38 13 13 15 31 4 40 10 6 40 4 5 3 37 7 2 39 39 38 13 32 18 29 1 6 38 27 11 31 13 17 22 31 7 31 8 30 29 23 39 21 24 9 26 15 20 6 17 18 1 11 35 5 30 14 31 15 31 0 32 2 25 19 25 38 2 31 24 20 4
12 25 17 19 17 3 5 40 6 12 16 5 24 15 17 33 23 33 29 35 29 25 15 13 37 36 4 33 2 21 12 28 37 29 27 36 35 39 39 21 3 15 29 4 20 15 3 30 2 29 15 20 36 32 11 9 17 5 7 30 38 10 27 6 22 9 12 29 23 9 0 21 9 24 16 3 1 30 28 26 7
36 9 29 2 34 9 27 11 40 15 9 26 22 3 28 13 16 21 34 33 40 28 34 25 3 2 23 11 2 34 25 24 28 10 18 14 12 25 15 1 40 37 30 21 34 5 14 6 36 27 35 18 20 14 17 24 6 10 15 24 9 6 33 27 38 8 32 14 23 28 11 0 19 15 7 28 32 20 30 18 20
3 8 36 37 9 29 1 17 31 16 30 26 23 16 3 5 20 23 28 9 34 13 36 34 2 18 40 34 13 3 37 32 37 33 3 36 14 15 39 31 29 32 40 30 6 37 7 39 26 29 11 17 11 17 27 30 7 9 37 40 25 12 39 32 7 34 34 13 33 12 4 20 0 35 3 13 30 34 1 30 5
6 38 35 35 29 34 25 35 27 22 13 37 1 16 13 14 29 40 22 26 38 18 1 37 3 34 21 4 15 7 15 28 15 6 8 29 2 32 18 17 10 5 24 36 32 24 17 35 26 25 40 2 14 10 31 27 18 28 1 6 12 18 7 3 16 16 4 14 14 36 31 2 22 0 23 3 33 24 26 4 21
29 5 35 9 20 6 32 32 26 30 5 26 32 25 23 10 13 15 21 35 13 39 11 13 20 14 1 37 28 21 2 19 36 8 27 28 16 19 19 33 29 19 14 15 5 27 17 37 2 2 19 24 9 8 4 17 14 19 5 14 17 29 4 23 10 31 13 25 9 13 40 14 20 17 0 39 31 40 35 8 6
18 36 1 33 16 21 26 14 15 24 4 23 11 40 30 14 9 30 9 16 4 17 28 34 35 39 21 7 24 1 34 6 8 25 15 23 34 31 8 27 23 16 9 33 24 20 8 27 16 32 10 12 6 15 6 30 36 39 6 15 14 37 14 30 29 6 20 23 27 26 3 19 17 9 15 0 30 38 32 5 36
18 37 22 37 14 20 33 22 36 13 26 4 36 20 25 11 3 7 23 25 8 7 8 11 40 8 4 6 7 16 40 22 28 24 38 12 27 23 19 36 10 12 7 26 30 15 30 10 32 15 22 21 5 21 6 10 13 35 5 40 13 15 14 14 17 1 5 3 16 16 31 18 33 20 11 11 0 31 39 9 3
40 18 17 28 5 25 38 7 4 29 27 31 1 1 6 24 37 28 15 21 8 10 1 6 2 21 29 4 26 23 4 37 15 3 37 7 27 38 27 19 38 38 13 13 40 1 35 7 21 2 1 3 10 8 22 1 18 39 34 28 27 18 34 19 27 4 2 6 20 22 30 8 15 22 28 28 37 0 20 37 17
23 19 2 23 15 17 3 23 33 35 38 28 6 29 16 4 12 30 32 8 34 35 20 31 22 25 28 36 37 28 27 25 36 27 1 12 16 14 4 4 32 30 7 13 19 23 24 36 19 5 13 2 16 14 40 24 27 35 36 7 13 28 40 10 10 30 19 32 30 29 16 9 21 12 26 9 35 27 0 23 22
5 35 37 21 21 9 30 4 12 37 9 38 12 11 22 6 32 24 32 14 13 2 34 4 15 6 8 38 27 34 11 25 22 31 10 40 15 25 7 10 10 1 15 40 36 17 32 10 9 31 14 16 17 9 23 16 33 40 33 2 37 16 39 22 5 32 10 23 29 6 12 21 8 30 20 2 16 30 36 0 24
11 30 4 8 7 25 13 29 14 18 35 10 34 2 39 16 1 21 6 40 35 7 19 19 4 29 2 17 38 3 6 28 12 11 10 30 35 27 34 13 5 37 25 27 34 26 7 36 37 15 4 19 33 35 16 30 19 3 10 22 3 32 24 19 25 13 9 12 32 34 16 38 28 11 40 35 35 37 34 37 0