50 20
0 9 5 8 29 25 7 2 28 1 18 38 21 2 35 25 28 34 29 36 23 15 19 27 7 19 22 28 13 19 32 26 3 16 27 24 24 29 7 34 24 2 3 40 38 11 33 1 35 15 33 37 30 36 1 33 34 14 4 24 36 33 32 27 1 35 40 30 2 12 38 6 17 5 2 1 16 8 12 19 11 17 11 19 21 31 2 25 27 17 17 14 28 15 26 3 29 28 15 29 34
37 0 26 21 4 9 4 5 20 11 37 9 36 38 37 11 33 25 23 14 28 13 7 19 32 21 26 2 13 37 22 14 7 36 35 35 5 6 11 35 18 39 17 22 8 16 32 38 7 3 5 10 22 40 25 37 15 6 24 37 8 18 3 1 1 27 3 16 27 8 11 11 28 35 36 31 7 21 2 19 21 26 26 5 39 8 14 35 23 12 14 13 24 18 29 37 15 20 21 21 20
17 37 0 22 35 38 6 15 16 5 36 5 1 23 31 7 21 33 12 10 20 33 19 14 35 21 36 12 28 11 16 5 28 17 29 30 26 11 32 27 2 23 9 9 17 26 26 40 15 1 34 33 15 21 31 27 36 18 4 33 11 14 20 36 11 39 8 33 25 10 28 37 32 23 33 35 34 17 18 9 6 16 28 11 29 40 14 28 35 8 18 25 1 34 38 2 16 14 19 35 18
32 28 7 0 38 29 35 32 8 37 14 7 8 1 19 5 24 20 33 34 1 29 23 35 22 32 25 14 1 39 13 39 27 11 40 13 34 25 28 22 38 32 19 27 26 12 39 23 27 20 30 32 30 3 33 38 5 5 2 33 6 18 20 34 16 18 5 24 33 4 20 18 40 26 26 31 40 15 40 2 26 28 18 5 38 38 39 30 11 9 24 26 8 20 7 26 32 12 4 2 3
31 20 40 17 0 34 29 18 40 7 26 32 25 15 19 36 25 29 22 38 14 3 1 21 38 13 11 2 25 35 37 17 6 20 3 4 9 18 28 13 32 18 29 22 17 16 38 12 28 36 4 36 35 35 5 40 17 7 4 28 4 33 33 7 3 35 29 26 2 18 17 6 3 4 21 17 8 7 16 36 22 33 38 7 29 36 34 2 11 24 34 7 23 37 3 35 27 21 18 34 1
14 14 39 11 40 0 8 21 21 5 18 30 25 38 9 34 37 16 22 24 20 39 35 11 10 15 9 12 40 7 18 14 5 34 5 12 28 38 32 15 39 16 29 35 31 17 13 35 33 5 40 38 28 23 1 20 35 20 21 37 19 27 34 39 20 20 33 38 36 17 28 3 27 19 6 1 18 18 31 25 8 23 27 2 17 9 19 17 19 18 22 14 26 6 9 10 2 17 31 26 1
32 20 16 23 22 10 0 28 4 14 28 4 36 8 18 31 14 25 29 33 26 39 7 25 13 34 27 19 35 40 32 1 18 35 20 15 18 16 10 17 27 39 35 33 27 18 20 32 32 39 16 12 12 29 10 33 34 14 40 31 8 9 15 35 37 8 37 33 20 21 2 40 6 18 18 34 2 22 9 17 37 23 6 20 16 34 24 6 26 16 22 1 21 23 39 26 37 34 37 35 20
25 5 2 27 8 21 40 0 20 9 39 8 16 28 35 17 18 17 9 7 5 24 36 38 40 29 10 38 14 22 19 10 29 8 10 19 1 1 25 7 2 39 18 27 39 4 31 1 8 9 33 36 37 31 40 7 23 8 21 23 4 28 25 19 29 40 10 22 33 35 22 38 31 25 26 7 22 16 31 32 28 26 8 32 9 1 27 2 12 25 19 10 7 2 26 35 1 16 11 22 5
39 20 26 14 12 37 36 36 0 36 12 38 33 28 3 13 40 5 26 8 4 6 7 3 16 2 30 27 39 36 35 33 36 26 13 18 10 37 12 6 22 17 17 25 37 1 9 15 5 35 13 28 37 36 26 6 10 2 25 9 39 35 5 25 19 26 12 20 23 35 6 20 30 19 38 40 29 40 4 11 7 28 16 33 26 14 34 38 1 13 25 35 15 3 36 15 18 26 32 9 36
29 27 18 25 15 29 35 4 11 0 30 32 26 22 7 3 29 12 33 33 34 13 24 5 4 3 12 19 3 33 37 6 33 20 18 31 36 2 20 21 39 36 5 24 26 2 38 3 34 7 22 36 24 5 6 29 33 1 21 14 38 38 26 33 24 17 24 5 17 36 37 6 11 27 9 36 16 7 31 33 14 5 21 19 9 29 3 21 11 3 34 12 15 38 38 8 30 4 30 40 15
15 17 5 19 15 31 23 33 25 3 0 1 3 17 3 15 34 3 13 29 16 33 21 5 39 13 20 28 31 2 2 37 28 22 5 13 32 37 33 39 29 31 18 20 26 35 17 1 3 30 15 29 31 10 28 8 1 35 20 1 22 38 14 22 5 19 39 15 12 37 20 25 34 5 27 39 40 15 26 14 10 24 20 32 10 24 36 33 21 8 19 18 1 6 8 15 17 24 4 39 33
7 1 2 2 29 24 7 12 2 14 32 0 11 19 5 1 28 5 1 35 22 40 36 31 18 38 34 15 14 4 36 3 21 8 37 33 12 15 20 4 10 29 15 19 4 6 13 12 4 4 6 19 34 16 17 21 23 40 25 28 32 12 8 5 18 20 24 30 23 26 33 24 20 20 9 10 30 9 6 17 23 11 31 5 10 23 7 21 12 35 3 23 33 33 22 12 3 40 4 20 37
2 3 19 37 11 6 27 14 14 35 11 9 0 16 4 19 1 7 15 33 10 15 20 33 35 35 29 33 12 23 28 18 15 9 2 32 12 24 40 14 29 39 11 2 21 36 4 32 23 32 33 37 39 37 31 27 17 21 12 15 17 20 27 19 19 8 28 14 23 32 19 17 21 23 26 34 13 29 31 3 6 3 33 37 21 11 32 1 36 29 38 24 24 29 35 6 23 11 29 24 22
2 14 32 35 16 4 17 18 16 16 36 4 24 0 37 31 37 40 29 33 26 8 17 11 9 40 20 36 30 33 20 34 33 38 19 1 8 25 12 29 35 24 4 7 35 9 26 31 34 3 13 29 25 23 39 12 36 5 15 21 22 25 30 27 22 7 26 28 31 10 10 9 13 14 10 7 4 10 36 18 1 32 20 38 21 12 32 29 30 35 35 21 36 38 36 30 32 35 11 35 39
1 30 10 9 30 4 12 2 34 5 1 14 15 32 0 4 40 22 2 24 39 27 19 21 25 1 23 40 15 40 25 19 28 23 27 8 12 10 28 35 18 13 11 11 8 38 9 9 39 39 2 12 16 38 3 9 31 10 24 18 5 31 34 13 14 20 18 13 7 26 7 37 31 10 24 25 28 36 13 10 16 16 30 29 7 12 1 28 27 16 27 38 33 9 24 4 8 8 10 24 10
14 40 33 33 38 32 4 35 33 28 6 4 37 1 21 0 2 2 5 28 31 39 7 35 39 27 34 31 29 5 38 24 7 7 8 6 33 16 20 40 37 36 26 39 18 31 15 21 29 4 33 29 19 38 21 26 36 26 15 2 10 8 17 35 9 33 30 29 37 35 9 35 18 5 19 18 2 26 7 39 37 6 32 22 3 11 40 3 36 20 11 10 14 33 37 18 9 37 5 17 2
2 3 5 37 14 17 6 34 35 13 12 2 13 15 4 31 0 40 31 28 12 3 27 23 10 15 4 5 21 15 10 25 31 1 20 19 9 3 30 2 15 7 40 13 22 16 32 8 32 39 28 36 2 10 9 19 40 7 39 31 28 33 21 36 17 36 24 17 19 6 25 31 9 26 15 2 4 39 16 30 19 3 3 5 38 23 6 31 23 11 34 21 15 14 20 21 38 31 15 16 6
15 13 12 28 17 37 8 31 16 39 34 4 9 4 27 31 19 0 26 9 36 5 25 11 29 26 20 19 29 6 5 8 30 30 39 30 35 13 16 14 39 20 23 19 2 29 14 21 20 16 13 13 40 2 2 15 12 1 9 2 21 6 35 13 1 18 17 25 34 35 18 12 37 9 14 2 4 10 21 3 38 33 3 36 35 35 38 14 20 20 2 18 35 35 15 14 11 26 1 7 38
32 7 10 23 32 24 19 26 30 13 14 3 24 11 23 38 28 13 0 31 14 30 26 5 22 31 33 28 16 17 23 37 25 7 39 5 27 32 30 15 23 6 3 38 40 9 11 20 16 25 33 8 17 37 21 12 19 11 24 29 7 32 6 4 18 18 12 31 22 30 16 23 2 33 26 12 6 3 21 30 40 11 28 17 29 3 25 26 28 29 37 6 27 28 35 33 40 18 31 23 26
15 37 21 21 8 26 32 24 37 25 19 22 18 14 24 6 5 11 12 0 25 16 35 34 17 5 25 17 17 2 31 15 8 4 5 30 30 4 4 31 23 29 22 25 19 15 36 28 28 18 10 22 25 38 37 10 35 31 23 34 14 11 26 32 3 5 24 10 26 33 18 39 31 6 40 9 31 6 5 12 13 26 33 17 25 26 16 21 39 25 19 2 29 38 35 26 38 7 26 37 1
15 38 7 8 6 30 8 35 25 24 32 2 11 30 39 35 14 40 37 19 0 39 23 26 10 34 27 37 19 39 3 35 27 21 30 37 9 6 38 26 26 3 11 25 8 1 7 10 16 3 6 7 38 3 27 23 4 40 15 35 32 23 26 37 21 5 1 20 29 1 18 20 40 30 8 20 33 2 29 28 18 24 14 40 36 40 15 23 27 28 29 17 34 33 13 15 25 17 32 9 31
30 32 39 29 1 22 31 35 36 15 24 1 5 21 14 33 28 21 7 23 27 0 34 7 7 26 8 34 11 18 21 17 10 15 31 35 22 12 17 5 24 13 1 22 22 22 17 40 23 5 15 31 19 7 34 11 15 29 28 40 5 10 14 26 7 11 14 36 20 9 33 31 28 34 14 3 33 19 20 11 17 10 25 32 25 6 14 4 20 27 40 9 23 40 34 16 6 22 29 11 40
2 25 9 20 31 33 10 33 31 38 26 14 37 9 15 9 23 14 15 35 12 18 0 28 11 3 25 8 19 4 22 38 32 14 33 22 12 34 5 26 17 19 17 12 17 28 7 4 12 36 9 26 1 33 1 22 17 39 5 37 34 2 26 1 27 12 26 13 15 40 35 22 13 39 25 19 17 18 38 33 13 2 14 11 15 3 15 17 14 25 3 32 20 26 40 19 17 40 38 10 4
36 33 10 26 25 2 40 2 34 22 13 13 33 22 26 26 33 3 9 15 3 15 19 0 17 32 30 3 22 40 28 28 39 13 26 7 11 24 28 8 4 39 8 31 12 15 7 21 29 25 37 3 13 9 18 1 24 14 20 9 11 27 9 13 39 14 35 12 5 16 5 16 40 10 17 37 6 34 12 31 36 36 9 38 28 24 29 26 37 4 24 30 30 24 10 13 31 19 14 39 19
12 2 3 37 19 17 11 20 1 30 12 19 39 12 12 35 12 14 33 2 19 28 3 5 0 6 28 14 32 25 4 20 14 1 21 16 11 4 11 33 32 36 2 28 16 1 3 21 9 12 10 17 25 33 5 31 14 34 15 13 16 34 20 40 33 14 8 1 40 6 12 35 27 35 9 23 13 30 26 1 14 23 1 29 20 20 22 14 4 12 30 3 38 18 16 9 23 32 25 20 16
8 40 40 8 26 37 17 9 20 40 40 36 28 34 25 16 15 8 32 17 40 10 32 14 15 0 34 28 17 1 31 23 39 36 10 26 40 13 9 8 3 18 23 10 5 28 20 26 24 23 31 18 20 4 4 6 30 16 26 25 38 18 14 6 23 8 15 22 35 6 37 11 40 23 32 6 28 5 17 26 38 28 40 5 27 34 23 29 1 20 9 18 40 11 20 8 38 12 29 16 28
33 19 14 25 10 8 35 5 18 10 38 17 38 15 39 25 24 15 24 11 11 29 35 20 33 38 0 10 24 19 6 28 33 28 5 24 34 4 13 23 16 34 36 11 1 33 4 36 2 35 15 22 7 27 39 36 30 21 20 20 31 8 1 28 14 1 31 14 14 19 30 37 14 25 2 20 29 19 12 26 30 16 1 18 32 8 8 29 14 4 25 24 10 33 3 14 35 20 31 2 28
33 11 20 36 1 27 32 10 11 31 40 12 31 28 15 21 29 33 38 38 31 14 25 18 20 37 32 0 23 24 18 30 31 40 19 29 8 29 34 33 16 11 16 2 26 9 6 30 25 19 26 1 10 28 20 36 10 11 32 8 23 20 20 3 19 14 18 19 22 6 9 25 22 11 2 2 40 2 35 2 33 7 37 2 6 14 38 27 35 13 9 31 28 7 29 34 6 28 23 6 24
20 21 35 18 10 4 14 31 9 38 24 26 33 30 5 8 14 22 29 32 38 14 28 1 4 1 33 28 0 38 22 14 21 11 6 19 38 32 30 29 24 34 12 1 20 10 9 30 6 33 25 40 35 28 18 9 25 18 9 14 25 4 15 19 37 22 39 40 5 1 5 9 17 14 22 23 11 6 8 29 33 1 10 39 13 11 33 21 19 10 4 19 2 21 10 7 17 32 13 9 2
38 9 4 33 4 35 22 24 21 5 32 16 13 36 21 14 17 5 26 11 17 24 15 32 14 10 25 14 39 0 11 16 40 7 13 24 18 6 15 20 9 9 35 20 7 29 7 26 1 31 24 14 36 34 15 28 24 15 16 24 3 28 27 29 39 29 3 17 34 27 21 1 13 13 20 15 16 18 12 1 10 25 30 15 23 6 11 28 25 38 6 36 37 19 22 1 25 18 33 18 32
33 28 17 30 25 7 7 11 29 26 7 29 5 11 14 40 34 15 25 8 26 23 27 28 20 10 37 14 7 12 0 28 38 33 11 3 17 21 8 11 27 17 9 17 18 12 28 10 33 10 3 33 34 25 19 30 35 27 17 4 17 33 9 4 21 11 27 10 34 34 28 10 26 21 32 5 9 6 39 24 33 12 28 5 20 24 20 26 29 21 27 9 17 28 31 4 34 23 9 10 10
38 18 29 34 9 17 23 25 27 26 40 22 14 40 7 7 7 34 15 10 38 37 37 24 40 5 9 37 39 38 30 0 22 36 38 11 27 18 40 31 6 32 30 28 32 10 10 25 8 10 34 34 32 4 26 17 19 28 14 37 26 16 28 29 18 24 19 38 39 2 22 26 19 18 10 4 25 21 30 9 10 32 19 15 40 39 18 30 24 28 15 4 7 35 22 13 18 32 21 35 32
31 25 36 20 30 37 4 26 11 37 38 27 10 20 1 23 40 36 40 25 10 2 39 32 28 16 15 18 11 30 36 5 0 18 8 9 6 25 28 14 1 40 7 22 38 24 26 27 20 29 40 39 30 31 7 18 17 7 3 21 3 27 40 28 37 8 4 9 33 25 9 40 37 9 10 38 13 14 36 24 28 1 16 18 2 21 33 28 9 30 36 17 6 26 24 33 32 35 4 21 7
26 23 35 29 1 6 29 39 25 26 22 2 14 14 6 13 31 1 12 12 11 17 38 28 30 36 32 27 22 1 15 37 35 0 23 12 8 10 5 18 24 15 19 35 30 19 1 31 13 12 5 11 38 12 26 23 23 1 40 30 9 25 22 17 10 17 1 3 19 34 5 10 12 28 11 21 29 33 19 9 40 4 8 32 33 8 10 27 8 1 33 4 11 3 17 2 31 32 38 13 23
12 32 35 34 35 14 7 18 32 23 27 12 11 10 10 38 17 11 23 7 26 39 6 19 27 9 38 18 14 37 33 24 37 5 0 24 24 30 29 40 6 15 16 20 24 8 39 16 19 8 27 30 13 28 25 37 20 39 37 25 7 30 26 38 10 21 39 26 21 9 24 21 3 30 30 33 18 40 19 21 22 13 27 27 33 6 2 9 23 34 39 6 15 32 25 17 1 34 2 34 10
36 16 1 24 34 33 33 39 24 4 33 6 24 22 35 1 14 28 2 36 36 2 26 6 7 9 35 5 36 11 26 27 27 31 10 0 40 7 8 26 32 37 15 25 22 17 27 15 40 16 37 37 12 14 4 22 24 28 23 5 30 23 6 33 25 5 30 17 34 28 23 22 34 10 7 18 15 12 23 3 25 23 36 27 33 30 4 36 20 28 38 16 6 26 19 39 6 15 31 33 37
6 3 22 1 3 2 18 35 17 31 39 14 4 28 22 28 25 8 38 2 33 2 16 22 33 22 12 21 5 7 13 20 10 15 13 17 0 6 6 16 6 3 9 31 4 32 32 31 1 17 8 6 36 24 15 36 2 3 22 36 39 20 14 31 25 1 20 37 25 26 38 16 27 29 20 3 32 40 10 8 18 1 38 10 21 29 39 38 26 37 2 36 16 23 36 6 15 16 34 36 33
33 9 17 38 8 24 27 9 18 28 36 12 6 33 25 6 25 1 4 18 39 13 32 37 25 9 14 19 37 20 13 15 7 30 25 27 3 0 4 17 22 28 14 40 32 12 1 2 24 27 16 38 27 25 11 1 7 19 36 40 12 11 33 32 29 19 23 16 3 14 16 18 24 27 30 34 3 15 10 8 5 28 25 30 13 26 35 28 33 33 31 7 19 24 12 35 13 15 17 15 17
11 11 2 26 6 19 9 36 40 38 31 7 16 40 21 32 35 20 8 34 40 15 27 25 2 39 2 15 33 25 40 1 36 11 23 31 21 20 0 26 26 27 4 15 10 35 40 29 20 21 15 26 3 14 9 23 33 26 1 21 21 14 14 40 36 30 8 25 25 38 30 35 11 23 37 9 25 13 4 13 18 36 33 27 10 1 27 12 25 33 19 11 33 20 40 33 4 39 21 25 26
26 14 37 40 2 13 13 30 24 10 37 21 6 29 34 4 9 34 30 14 17 28 14 25 32 9 16 21 25 35 27 23 10 31 38 4 29 38 23 0 11 10 20 3 30 23 40 35 35 16 5 17 35 22 2 32 2 25 19 25 38 2 31 24 20 4 21 9 24 16 3 1 30 28 26 7 19 15 7 28 32 20 30 18 20 35 3 13 30 34 1 30 5 23 3 33 24 26 4 21 39
32 22 4 5 9 32 36 28 10 38 39 5 13 29 14 28 32 19 33 39 32 24 1 28 24 39 34 10 34 20 37 17 36 12 16 6 13 23 30 32 0 31 40 35 8 6 30 38 32 5 36 31 39 9 3 20 37 17 23 22 24 3 28 32 17 5 17 33 19 31 6 34 13 37 34 19 36 15 11 28 21 39 12 13 2 25 28 11 28 16 26 24 36 9 34 21 1 16 36 28 38
31 33 38 16 13 28 4 28 17 18 11 10 22 14 11 20 19 17 22 8 19 7 3 13 28 18 27 17 31 20 39 26 8 3 7 6 29 24 14 23 11 0 2 33 15 32 24 4 39 38 10 13 32 21 24 24 25 3 4 17 3 9 16 14 29 27 9 38 30 37 8 10 19 14 5 34 35 18 36 30 40 37 7 15 16 14 26 9 15 14 38 8 29 2 31 4 40 12 39 5 6
20 24 38 2 25 24 39 24 23 39 34 3 37 6 35 3 28 18 18 21 18 26 6 15 39 1 27 27 10 8 6 3 6 29 6 22 6 1 19 12 28 23 0 34 9 4 6 33 12 40 1 5 24 4 35 30 37 18 29 23 12 37 37 13 15 32 23 32 7 35 33 7 6 8 21 29 38 29 33 35 38 20 18 19 37 9 38 17 37 28 16 35 5 9 3 16 6 25 9 32 30
38 22 9 10 18 13 10 26 18 27 37 23 14 7 10 2 34 4 34 25 18 37 40 25 25 1 16 28 12 34 16 17 8 36 34 40 5 38 10 31 26 19 20 0 6 38 3 13 37 17 40 9 4 4 1 33 21 14 40 13 22 18 11 6 39 5 40 37 35 7 8 33 11 21 25 15 7 15 6 17 33 2 39 16 10 37 5 17 35 36 8 8 25 6 23 26 31 26 17 26 29
26 19 18 18 16 5 18 30 30 34 39 38 31 25 29 40 7 1 22 6 17 27 29 9 34 30 15 15 12 14 37 34 36 39 6 23 10 9 22 23 20 26 35 33 0 16 9 32 14 30 26 28 18 3 27 39 13 25 6 3 10 11 3 38 3 34 19 32 11 25 17 2 3 4 13 12 9 3 10 21 38 39 2 37 25 34 36 27 25 36 39 36 27 36 9 12 37 20 23 32 11
11 39 37 5 4 27 31 7 10 37 17 29 3 29 34 29 16 3 37 29 8 38 20 40 36 26 35 5 14 26 30 21 27 16 38 16 9 25 19 23 40 26 21 30 35 0 18 17 33 16 36 17 9 30 9 16 3 29 4 36 32 20 11 34 6 16 7 16 24 20 37 34 25 1 37 30 14 5 9 12 39 33 31 24 8 5 11 15 7 39 1 14 29 40 20 22 40 7 40 22 28
15 9 12 1 38 1 18 3 17 8 20 15 24 12 28 18 37 5 28 23 30 26 20 23 13 9 10 11 16 2 2 14 5 20 24 9 28 12 38 33 11 4 10 28 5 16 0 13 2 17 15 5 39 16 35 34 2 33 29 7 27 32 15 4 11 11 35 18 39 13 38 7 3 20 12 27 35 39 35 2 31 14 7 26 35 13 7 12 39 1 25 13 22 37 31 10 3 33 26 4 23
13 36 6 17 23 25 14 3 13 37 39 8 36 29 22 31 12 29 29 28 30 18 31 33 3 28 6 39 9 31 20 8 29 10 36 26 19 17 28 14 28 27 9 26 26 5 11 0 13 36 31 36 8 20 16 18 18 38 7 28 28 31 7 34 29 30 7 26 18 32 23 25 33 38 16 25 40 6 26 4 23 12 37 15 27 11 38 39 36 8 32 20 3 13 22 13 28 21 37 12 33
36 21 32 35 39 32 24 38 38 1 30 13 9 38 21 35 23 8 32 38 16 40 17 11 29 29 10 15 32 19 9 21 28 13 20 3 39 14 24 9 9 28 2 37 7 21 33 30 0 25 25 5 22 17 39 11 13 31 29 36 17 27 20 23 39 35 28 17 35 9 5 4 17 4 16 23 11 13 40 33 40 1 32 35 34 7 28 3 40 20 2 22 29 31 11 4 22 37 2 10 13
26 27 12 10 34 26 31 34 40 22 23 8 5 38 9 18 40 8 2 12 15 28 14 31 29 19 18 39 36 31 27 31 26 20 11 13 35 13 17 27 2 11 35 40 13 40 30 31 35 0 35 30 15 4 11 30 1 3 40 5 26 10 26 14 25 3 5 23 3 38 28 33 11 37 1 1 14 29 1 11 19 30 40 26 19 8 36 31 36 23 4 30 4 21 9 30 9 35 38 6 28
23 25 21 17 23 33 22 23 35 24 33 15 21 38 23 12 26 2 17 4 7 40 3 12 10 12 24 18 26 12 30 29 35 17 14 10 39 27 30 16 35 22 4 9 26 15 6 3 26 40 0 6 23 38 37 32 33 19 30 14 35 9 18 29 12 19 20 6 34 11 27 14 17 10 15 22 15 19 8 40 28 1 3 39 35 28 24 15 32 18 33 2 34 19 6 23 33 18 4 18 23
23 9 29 11 27 38 39 18 16 3 14 17 20 32 15 30 27 9 19 23 3 23 36 33 33 1 9 19 28 31 32 10 9 26 9 22 35 13 22 20 37 10 35 25 2 11 14 13 21 12 28 0 18 17 15 25 11 27 28 30 6 26 13 40 3 30 23 17 21 2 28 17 6 18 10 39 40 1 35 15 13 13 3 22 1 39 4 3 3 23 25 39 21 19 39 20 38 15 8 10 19
18 8 16 33 13 3 38 23 9 38 22 28 21 19 32 38 26 39 2 5 8 2 37 16 6 15 17 8 33 13 3 10 39 20 6 7 40 37 38 30 35 27 31 2 2 4 9 21 9 33 36 32 0 39 38 4 4 28 34 35 20 19 34 21 10 7 10 20 28 33 24 29 4 36 1 8 40 12 8 24 24 10 7 32 36 23 4 12 30 6 4 10 20 39 16 15 9 38 9 10 23
39 38 32 18 28 30 35 16 30 32 25 3 6 12 32 12 28 29 6 21 17 39 20 8 8 32 23 19 31 35 7 13 25 30 5 27 3 3 7 29 16 1 34 29 32 23 16 28 18 40 11 5 34 0 24 32 6 29 25 4 34 12 40 34 37 12 38 31 17 36 22 15 22 29 37 37 18 36 1 24 19 11 32 11 37 24 28 31 27 5 15 14 39 4 23 40 25 4 38 38 5
25 5 15 7 18 13 4 16 13 35 4 13 22 18 6 33 4 36 33 12 10 4 25 36 25 1 3 27 31 9 27 22 22 6 10 33 35 38 16 32 35 24 5 23 9 40 24 11 29 27 32 27 23 2 0 22 23 30 12 31 2 11 12 39 40 6 29 4 18 16 8 14 14 12 32 22 13 6 24 6 30 36 13 23 2 16 21 39 30 36 14 5 17 4 7 37 28 34 20 29 11
9 36 22 28 5 1 21 36 5 22 23 23 5 2 35 27 25 31 15 8 8 40 7 1 24 39 4 4 13 13 7 32 10 39 16 35 10 14 10 9 27 6 30 29 12 20 34 38 30 38 39 31 34 29 12 0 37 35 13 21 6 25 33 37 25 19 23 9 20 7 23 12 6 4 10 9 33 26 13 26 38 12 38 15 24 34 19 33 10 30 18 6 5 9 30 25 4 11 19 3 33
36 37 40 23 12 8 9 11 4 35 17 30 5 4 37 39 28 35 6 14 25 35 11 19 3 1 3 7 3 32 28 3 3 15 17 23 25 4 29 28 30 9 2 12 33 28 37 36 25 13 27 40 6 3 25 1 0 14 14 2 2 40 24 10 21 22 21 11 1 32 13 40 27 8 34 3 14 36 19 5 23 26 39 9 1 29 40 27 36 34 30 1 1 15 35 33 16 28 32 22 14
28 18 15 29 10 33 21 3 26 11 4 25 2 36 14 31 13 15 30 15 40 19 13 4 27 9 20 34 40 4 2 6 11 35 33 15 9 10 17 12 37 10 23 29 19 32 13 24 6 37 30 30 22 9 11 2 11 0 6 11 6 14 5 17 16 12 16 5 34 12 35 18 36 31 13 8 22 33 39 11 19 32 21 40 8 5 20 27 24 37 10 37 33 15 17 22 12 8 29 31 18
31 19 5 11 14 35 32 28 27 24 25 6 21 29 9 20 18 5 26 40 11 26 12 10 31 40 25 28 29 8 39 2 1 11 31 25 25 26 27 36 36 20 6 14 36 12 3 24 8 26 16 15 23 18 27 14 9 14 0 21 8 34 29 6 22 8 7 36 32 32 3 4 28 20 40 23 5 3 23 17 11 26 12 16 10 40 19 21 21 37 19 13 19 10 2 4 29 28 11 23 5
37 35 24 11 3 36 22 17 38 10 21 16 21 29 23 5 39 9 31 11 37 1 25 5 11 15 25 4 10 5 19 21 22 40 8 15 5 24 10 13 34 22 5 25 27 25 12 33 12 34 38 33 16 3 13 39 25 20 25 0 24 4 20 39 4 27 6 1 2 14 14 3 15 13 12 37 24 14 37 21 35 32 35 5 30 37 23 10 7 21 5 2 29 39 19 20 31 4 10 32 27
13 30 33 26 6 34 9 40 9 10 20 22 17 7 25 32 17 37 37 20 11 26 37 38 13 40 19 21 29 14 21 19 11 19 24 9 29 38 5 26 37 6 12 29 30 21 9 29 20 1 13 33 34 3 33 38 26 6 11 22 0 16 25 34 38 1 16 25 24 14 28 29 4 35 18 7 7 32 32 8 17 4 35 5 22 35 32 17 31 20 2 16 25 8 7 15 24 29 21 35 29
27 7 20 39 31 35 17 27 35 7 4 39 32 4 2 24 7 34 37 9 39 38 15 18 22 12 38 3 23 22 2 20 29 10 31 24 21 11 25 16 12 9 1 18 20 18 33 15 19 15 4 25 25 15 13 27 24 9 35 34 8 0 28 34 8 39 17 30 25 7 22 5 32 2 25 39 3 33 29 12 20 5 40 28 32 26 37 36 11 35 17 32 22 7 39 2 3 7 32 27 23
23 19 20 14 24 27 6 23 16 21 6 16 1 18 30 20 10 17 3 28 33 31 2 5 31 11 7 29 10 29 35 23 2 22 14 30 28 10 26 22 15 21 26 20 20 23 16 12 13 22 1 13 35 19 6 25 22 29 33 10 35 6 0 21 12 38 40 35 39 17 13 9 38 36 35 16 27 39 3 1 11 24 38 27 21 14 31 18 34 37 31 11 37 30 25 2 4 36 40 30 32
23 40 24 14 21 38 4 22 9 27 8 28 11 30 16 20 35 26 2 23 11 32 34 11 37 22 5 23 38 30 14 21 36 1 22 27 5 6 33 29 24 11 37 40 19 24 24 39 9 7 29 9 11 8 40 22 21 24 32 31 2 39 17 0 19 25 8 20 28 16 10 19 7 18 15 23 7 13 16 3 39 14 40 30 22 22 2 6 11 2 14 20 7 34 1 13 14 21 21 17 26
35 6 30 22 9 29 12 16 13 22 9 35 4 33 1 7 2 35 3 35 34 27 40 27 16 6 8 36 32 40 7 8 26 13 18 17 17 12 6 6 16 13 10 36 40 28 36 40 14 21 14 10 35 20 2 29 35 10 37 30 20 30 34 18 0 4 13 30 25 14 22 32 26 30 31 4 26 38 32 4 30 6 11 14 11 20 1 37 31 19 36 5 3 36 13 14 21 32 33 17 11
40 8 6 5 3 9 15 34 23 39 27 22 28 11 3 9 7 23 20 2 4 32 4 26 19 36 16 17 10 24 20 3 26 14 13 30 7 18 14 34 40 24 8 34 21 24 28 4 7 39 35 23 40 3 13 33 4 38 21 40 2 31 14 31 30 0 26 36 16 39 5 4 13 13 3 13 12 3 17 13 34 37 17 10 4 36 12 9 26 1 38 33 14 31 5 18 2 19 36 13 21
22 13 39 34 9 29 13 4 15 3 22 27 40 35 34 3 30 35 35 16 37 20 27 32 37 14 5 11 5 14 34 14 2 4 3 10 15 29 9 11 19 20 34 31 3 23 16 6 14 13 10 7 15 7 17 13 30 28 7 2 34 25 40 6 8 32 0 37 20 37 8 18 14 35 32 26 31 24 30 31 2 31 16 9 26 15 20 24 7 18 16 39 31 27 2 22 20 4 21 2 18
39 38 37 30 29 9 37 8 10 16 2 24 18 40 5 31 7 26 40 14 7 3 11 39 3 36 22 33 26 9 6 7 16 30 18 1 37 37 8 4 3 12 39 38 6 5 23 26 35 23 12 16 28 10 26 35 6 24 16 3 18 31 7 25 10 15 19 0 16 10 21 35 38 34 24 10 14 14 6 1 6 34 5 23 36 12 5 7 31 26 38 9 16 21 34 7 29 38 10 4 13
15 11 12 36 34 11 28 12 32 26 33 21 37 33 8 21 9 34 2 29 6 19 6 32 21 29 19 36 5 7 32 17 32 15 7 24 1 15 34 31 31 2 40 16 39 35 35 13 16 28 6 20 17 8 27 35 2 35 16 2 1 25 11 13 25 27 13 5 0 35 3 23 33 15 6 10 39 32 26 33 7 11 28 27 34 25 3 13 26 27 29 12 28 24 24 28 24 22 14 23 36
36 29 17 11 6 1 1 32 19 19 24 31 37 21 22 24 27 30 22 38 4 17 29 14 34 28 30 3 2 13 5 17 21 8 14 16 5 18 16 40 11 12 12 32 32 3 19 37 37 20 11 17 40 6 29 32 7 4 22 24 40 25 8 34 21 29 34 40 13 0 19 36 28 24 11 40 31 35 8 2 15 20 18 36 29 3 35 15 3 32 14 8 20 7 24 28 4 20 30 11 38
12 16 14 36 21 37 20 8 33 40 19 2 39 23 29 1 2 6 15 28 36 20 35 10 30 23 36 9 6 7 24 8 19 39 31 30 6 28 31 3 38 3 20 29 29 23 16 39 22 19 11 30 20 9 5 26 25 3 11 29 14 1 3 5 16 25 1 26 26 32 0 14 19 37 19 7 17 12 39 28 26 15 27 36 22 14 19 5 8 1 26 4 39 9 26 16 31 38 39 34 30
36 7 4 23 20 24 15 2 14 5 27 9 12 40 34 13 38 31 4 22 38 9 17 13 6 12 33 21 36 15 30 30 9 13 37 29 5 16 6 31 36 27 20 35 27 1 35 35 29 11 27 22 29 15 14 3 34 1 1 4 33 12 34 14 30 1 14 35 31 12 34 0 37 9 9 9 10 1 17 36 3 31 40 15 12 12 32 9 3 22 26 17 8 6 19 4 20 24 16 17 11
3 25 26 15 25 26 15 14 2 18 30 11 10 15 18 40 36 26 29 22 17 22 33 40 9 7 30 31 4 25 40 35 37 2 4 1 34 32 1 30 4 33 40 8 19 7 22 8 4 33 22 1 30 38 2 32 39 38 22 20 9 28 30 23 1 23 16 20 27 24 38 19 0 18 24 5 12 30 40 30 25 24 39 1 5 26 24 12 13 6 2 3 1 13 40 17 39 15 39 16 22
6 19 25 36 17 2 22 12 40 6 13 37 7 30 28 30 32 40 13 38 25 21 17 36 3 12 6 19 28 20 19 24 36 11 9 16 36 13 4 16 38 4 37 34 23 1 36 1 39 9 36 28 27 23 27 26 17 27 36 36 40 6 8 9 23 7 13 21 13 2 31 33 21 0 25 2 2 2 12 2 39 10 14 27 37 24 15 7 39 23 28 27 15 30 18 33 21 23 20 13 21
29 17 11 12 9 6 39 15 7 19 15 36 23 7 23 1 33 34 10 4 15 18 16 5 21 40 5 17 18 24 36 32 10 29 32 15 33 33 30 12 22 39 35 38 22 12 9 32 3 37 27 15 37 1 29 38 28 38 16 13 3 33 36 23 22 31 21 32 1 12 18 3 3 19 0 36 27 25 29 13 21 29 4 9 25 19 38 21 25 37 17 16 37 40 35 20 33 1 31 2 26
18 21 3 17 25 25 25 16 24 17 3 11 37 28 27 33 25 34 15 36 9 20 40 24 29 30 40 35 13 2 34 7 16 4 14 24 10 21 32 16 5 33 37 34 16 7 21 17 6 28 1 24 20 5 12 12 30 23 10 13 26 22 12 11 29 4 39 40 32 23 36 35 14 30 18 0 7 28 28 25 5 12 14 7 24 12 38 39 10 11 17 16 6 37 32 21 5 6 12 16 38
18 14 6 22 20 30 8 22 17 14 16 10 26 30 24 37 27 21 26 12 33 37 10 23 26 14 14 37 27 39 2 29 2 40 17 37 32 15 13 20 39 28 19 29 6 24 19 18 12 15 11 25 33 37 27 5 3 33 13 35 4 2 27 7 39 21 7 27 14 29 11 38 26 28 6 14 0 13 11 8 7 35 7 13 15 27 22 29 36 28 25 6 26 7 24 23 31 14 10 8 37
40 3 7 17 28 24 23 30 4 18 16 11 10 24 14 8 6 15 12 1 24 32 24 18 6 5 27 27 23 20 14 1 32 23 10 29 24 35 39 2 38 31 19 8 7 33 2 11 13 7 4 16 5 12 25 36 1 38 12 9 39 1 11 20 31 33 5 7 18 13 34 34 14 7 13 24 19 0 32 17 6 40 10 16 37 34 21 36 10 30 15 14 22 35 26 3 3 24 33 38 33
23 1 6 16 33 22 8 24 21 4 25 40 16 21 5 21 3 26 1 2 7 17 18 37 24 22 39 30 28 8 39 16 30 38 8 24 36 28 22 14 10 29 29 31 20 26 16 7 3 28 15 12 16 35 24 34 27 17 28 7 10 34 22 5 19 14 17 11 8 21 11 35 1 16 37 29 29 22 0 35 26 17 6 10 5 4 25 14 28 19 1 14 26 31 32 30 2 29 34 40 39
5 39 40 40 14 30 10 13 9 20 40 16 16 26 16 40 6 27 35 18 10 19 15 28 19 24 25 40 22 23 31 21 31 35 15 12 14 35 31 19 40 38 30 37 32 29 21 14 40 36 2 8 29 39 34 23 22 38 14 11 32 29 21 22 33 27 4 2 5 28 20 12 26 26 14 28 2 20 26 0 28 12 30 23 34 14 24 29 21 6 24 6 9 23 18 33 38 1 18 8 27
11 29 29 21 22 31 3 29 8 35 20 21 5 25 2 29 40 31 34 30 8 22 35 37 38 21 15 25 7 37 10 14 34 34 21 35 35 27 12 18 13 6 10 20 37 7 4 12 34 34 38 7 19 36 34 27 38 19 14 30 12 27 10 25 15 5 22 30 23 29 26 23 23 29 31 32 17 14 22 11 0 7 23 24 39 13 25 37 5 29 31 13 25 11 24 35 15 22 8 13 36
34 21 25 16 26 10 5 35 38 36 1 18 34 29 26 40 23 5 3 35 17 17 7 15 24 34 32 8 4 32 9 11 27 16 8 23 32 33 32 8 30 22 38 22 31 18 26 19 27 12 34 15 18 1 1 27 4 33 34 2 7 33 16 24 20 12 1 37 13 27 11 35 32 5 1 33 20 36 32 37 4 0 4 9 22 30 2 10 6 9 33 19 37 7 29 33 13 24 8 2 2
18 5 26 13 31 10 7 37 14 22 29 20 31 20 40 34 5 9 15 18 22 29 18 36 7 39 19 37 27 8 3 23 25 29 14 37 29 39 34 9 1 20 5 25 25 12 29 8 4 37 12 27 9 36 18 18 18 33 12 31 30 14 3 5 29 3 36 12 20 6 11 12 39 13 20 12 19 17 2 36 32 25 0 7 2 36 35 39 12 2 13 12 24 20 39 14 4 11 37 10 33
30 21 21 11 9 12 21 18 33 34 11 28 31 25 37 38 3 27 34 36 10 11 21 8 26 13 31 25 14 39 23 14 40 15 9 20 10 7 4 21 4 3 3 28 35 10 32 1 16 13 2 10 22 24 23 38 14 28 30 1 12 21 11 30 18 1 4 34 17 13 35 21 17 37 33 28 30 7 21 40 35 9 20 0 32 10 17 36 38 39 27 24 31 1 22 7 30 12 36 29 9
32 30 9 29 34 24 18 10 8 3 2 36 34 19 4 13 20 25 13 7 15 3 11 28 12 23 23 32 5 4 17 4 34 21 35 17 26 4 13 38 5 8 26 33 16 9 36 19 16 21 29 30 15 33 13 40 11 4 40 21 30 28 38 19 35 38 7 12 16 8 16 14 4 23 5 15 2 20 24 2 17 31 27 3 0 38 33 21 20 17 34 25 34 22 18 21 25 16 40 32 24
8 17 32 10 38 38 4 25 25 24 28 29 37 7 34 4 20 18 39 30 1 38 39 15 15 32 38 23 30 16 24 30 7 20 25 6 18 14 20 22 24 12 32 29 10 26 29 10 21 8 10 14 3 36 28 1 4 5 40 23 11 2 16 34 26 14 4 27 27 1 10 37 27 5 36 25 5 27 4 8 28 7 12 32 3 0 37 35 6 31 21 35 14 10 22 34 35 11 38 14 3
20 40 8 17 35 27 2 7 9 2 22 10 26 12 3 8 35 3 27 5 31 21 25 36 22 8 14 3 2 13 27 30 16 18 25 7 30 14 5 20 13 26 21 31 7 12 13 9 12 8 26 40 8 32 24 19 37 40 37 27 24 34 19 33 13 21 40 30 3 37 5 16 26 13 9 23 30 38 21 3 11 25 39 30 37 11 0 27 30 22 21 9 27 32 33 8 7 40 12 35 9
22 31 39 34 19 33 9 5 17 27 32 5 25 10 18 8 40 13 33 9 9 34 17 22 3 22 25 31 40 9 31 31 17 17 26 18 24 34 2 17 1 37 8 27 36 19 17 21 33 4 37 7 32 23 29 18 7 25 11 8 20 7 38 9 39 12 7 1 24 16 16 14 20 9 21 24 29 23 9 5 24 25 17 23 31 39 13 0 27 13 29 30 32 37 7 22 30 25 26 5 9
13 17 27 9 13 27 24 30 8 36 39 31 36 7 9 34 21 25 18 2 22 3 17 12 2 15 27 21 20 26 24 28 34 2 40 14 40 40 19 33 3 36 19 37 15 4 17 13 25 25 36 13 33 7 8 14 3 22 35 30 12 26 33 2 1 38 18 24 21 39 20 33 40 18 31 35 15 34 15 7 36 39 3 22 36 29 27 18 0 2 12 40 8 26 19 40 9 8 25 15 7
7 35 19 29 25 28 7 33 37 38 38 3 11 8 24 13 23 34 22 4 40 7 3 4 39 27 12 1 29 23 40 5 37 24 26 36 6 39 10 15 4 32 15 5 1 14 5 22 23 36 8 5 26 7 3 3 11 6 40 11 34 10 33 16 17 1 10 10 18 22 9 16 20 21 10 15 18 33 22 34 19 6 37 30 18 24 2 23 10 0 25 2 24 25 9 11 14 15 12 17 15
33 20 16 20 21 32 18 10 31 28 36 13 38 21 22 35 16 37 2 23 8 21 10 40 21 13 28 31 3 3 10 23 24 12 10 13 14 24 9 21 8 10 25 25 37 39 2 13 30 7 19 37 37 21 22 8 5 36 16 25 12 14 15 28 17 22 35 24 26 13 26 30 28 17 15 36 39 21 15 15 24 17 13 16 33 5 12 32 12 6 0 2 8 4 21 7 31 3 37 14 22
39 16 36 16 27 32 33 34 40 13 28 24 4 32 4 15 39 13 31 40 4 1 28 11 18 33 34 17 11 30 31 21 8 21 34 18 15 25 20 8 24 25 38 18 21 1 33 40 25 18 19 14 5 3 28 4 36 29 11 33 7 9 5 12 25 2 10 39 9 2 8 12 30 23 25 5 37 36 17 22 22 10 8 30 16 34 15 39 25 37 1 0 9 19 24 2 15 4 35 12 19
2 6 13 14 9 28 8 17 18 8 20 23 23 22 30 6 16 34 11 21 19 16 24 37 34 3 5 33 40 23 17 25 23 3 13 27 40 33 15 28 39 23 26 3 25 13 18 39 32 38 4 26 1 38 16 32 10 27 3 1 5 36 16 25 37 6 4 25 23 18 4 3 26 5 24 13 26 9 20 16 24 22 4 32 15 15 36 30 16 23 12 19 0 5 8 37 21 33 4 11 10
2 6 29 5 5 5 9 30 11 9 32 24 16 21 34 23 20 11 11 1 21 23 23 23 5 38 11 27 2 24 37 32 29 2 31 33 28 21 29 17 25 39 17 35 14 25 14 12 23 29 4 11 30 38 20 32 1 36 9 9 19 11 9 34 3 30 29 13 38 9 30 3 35 15 40 28 7 9 26 16 29 38 8 13 20 23 12 17 11 8 15 2 13 0 35 16 19 40 15 10 38
10 6 2 15 20 14 18 15 33 33 33 8 20 38 38 28 35 6 33 21 14 28 13 30 1 4 38 36 17 24 39 10 27 16 21 19 7 27 14 9 7 32 17 5 28 10 36 33 28 20 24 19 40 15 20 40 3 27 28 18 17 32 11 40 31 11 1 35 33 29 19 32 31 1 4 3 23 19 39 16 17 6 11 13 37 35 8 22 23 40 21 32 12 16 0 9 25 33 8 34 35
11 22 39 21 21 15 6 26 27 18 39 25 29 21 23 40 20 31 33 4 16 34 18 35 27 18 33 19 15 8 19 5 29 19 36 32 2 16 13 20 32 16 22 31 8 24 29 13 34 4 8 18 14 27 10 15 38 20 23 4 12 20 7 5 26 34 28 20 3 22 11 8 2 39 30 15 26 2 17 26 9 1 1 22 37 33 38 5 34 14 27 39 1 37 12 0 11 15 5 4 9
33 25 17 7 20 7 40 35 27 13 28 18 13 26 16 19 1 4 12 29 23 3 31 35 18 8 30 4 37 20 32 32 25 39 34 27 22 5 14 22 30 19 17 11 8 25 25 8 17 19 29 24 36 4 24 27 39 3 10 31 7 35 3 11 20 27 32 14 8 33 15 39 14 13 23 28 32 27 30 3 11 34 15 3 17 11 2 37 26 30 9 15 9 34 25 31 0 10 35 26 2
35 3 12 3 23 10 31 28 18 24 15 14 9 14 28 16 17 19 27 28 1 2 10 39 3 36 20 10 32 4 32 30 2 22 17 13 13 6 25 12 26 33 7 3 12 40 26 38 4 8 3 15 26 28 6 4 7 7 14 37 7 18 4 14 40 38 29 30 4 6 15 23 9 37 10 21 14 3 30 17 1 29 27 17 39 13 30 18 40 34 18 36 10 28 10 31 33 0 13 37 18
34 12 10 39 21 7 27 12 7 22 7 16 3 16 2 39 10 10 19 8 33 2 23 9 8 37 9 13 5 31 29 30 32 6 25 8 11 27 23 30 6 31 16 26 31 13 4 18 25 8 36 25 38 18 5 30 24 8 35 1 34 11 32 15 17 38 28 17 40 15 17 14 22 24 32 31 14 30 28 32 9 13 15 16 6 14 6 22 24 30 23 19 13 37 37 21 26 40 0 25 3
15 38 13 14 33 12 26 16 12 23 33 21 37 13 9 4 11 3 30 2 28 18 25 15 27 30 29 30 19 4 31 6 15 12 26 23 6 32 3 11 39 21 21 25 34 1 19 1 31 28 22 24 11 24 31 10 11 23 12 39 5 17 2 23 39 12 11 11 12 37 27 13 17 23 3 23 1 30 14 32 9 38 1 28 11 35 6 20 1 31 35 32 15 25 9 32 8 16 18 0 31
2 16 20 32 34 6 15 35 2 1 33 26 12 16 19 28 17 28 36 36 6 14 5 7 15 4 38 8 16 21 15 39 2 6 11 35 11 3 6 15 25 17 27 1 38 29 15 20 25 33 16 23 4 7 16 13 16 8 17 3 38 19 17 21 26 7 24 32 38 38 38 22 3 36 28 37 12 19 24 18 33 36 30 12 36 37 1 17 14 26 32 36 15 38 13 29 11 40 3 29 0