15 7
0 5 19 3 9 4 16 15 16 13 7 4 16 1 13 14 20 1 15 9 8 19 4 11 1 1 1 18 1 13 7 
5 0 14 1 17 8 15 16 18 8 12 8 8 15 10 1 14 18 4 6 10 4 11 17 14 17 7 10 10 19 16 
19 14 0 17 13 19 2 16 8 13 14 6 12 18 12 3 15 17 4 6 17 13 12 16 1 16 2 10 20 19 19 
3 1 17 0 13 6 6 17 8 1 7 18 18 8 13 17 12 19 12 15 9 18 20 1 13 17 5 17 18 7 14 
9 17 13 13 0 2 16 12 19 18 7 17 14 16 12 14 12 1 18 18 20 20 11 15 20 1 8 6 18 19 6 
4 8 19 6 2 0 3 18 9 2 3 3 1 15 1 9 8 9 4 20 6 12 10 3 6 6 9 17 6 9 10 
16 15 2 6 16 3 0 15 11 16 16 4 1 10 13 11 14 7 9 4 9 17 7 20 14 1 8 1 13 5 2 
15 16 16 17 12 18 15 0 6 15 17 14 18 8 17 15 8 17 1 13 19 11 14 2 10 5 7 2 10 3 3 
16 18 8 8 19 9 11 6 0 10 10 6 14 19 9 5 1 18 2 19 7 19 15 6 20 17 2 13 7 12 4 
13 8 13 1 18 2 16 15 10 0 7 19 14 19 7 16 4 13 10 17 16 1 11 20 13 10 1 6 7 11 19 
7 12 14 7 7 3 16 17 10 7 0 5 11 14 7 9 4 13 18 12 18 16 18 8 3 2 3 5 6 6 18 
4 8 6 18 17 3 4 14 6 19 5 0 7 9 11 20 17 9 12 11 11 4 10 8 20 16 5 19 18 4 11 
16 8 12 18 14 1 1 18 14 14 11 7 0 2 14 3 13 5 5 11 4 20 19 13 3 19 18 8 19 3 9 
1 15 18 8 16 15 10 8 19 19 14 9 2 0 12 10 19 18 4 15 9 4 2 10 1 20 1 3 14 4 2 
13 10 12 13 12 1 13 17 9 7 7 11 14 12 0 7 8 19 14 6 4 15 6 8 6 4 14 13 18 10 18 
14 1 3 17 14 9 11 15 5 16 9 20 3 10 7 0 9 16 11 4 7 11 2 1 1 10 20 11 15 13 11 
20 14 15 12 12 8 14 8 1 4 4 17 13 19 8 9 0 13 3 3 11 20 15 4 9 7 20 18 16 12 9 
1 18 17 19 1 9 7 17 18 13 13 9 5 18 19 16 13 0 6 18 7 10 7 8 12 3 9 3 15 3 19 
15 4 4 12 18 4 9 1 2 10 18 12 5 4 14 11 3 6 0 11 8 13 10 2 11 6 11 19 10 8 11 
9 6 6 15 18 20 4 13 19 17 12 11 11 15 6 4 3 18 11 0 4 18 20 19 20 3 8 8 1 8 13 
8 10 17 9 20 6 9 19 7 16 18 11 4 9 4 7 11 7 8 4 0 3 9 18 3 3 1 1 10 12 16 
19 4 13 18 20 12 17 11 19 1 16 4 20 4 15 11 20 10 13 18 3 0 16 5 4 17 11 3 17 6 6 
4 11 12 20 11 10 7 14 15 11 18 10 19 2 6 2 15 7 10 20 9 16 0 5 5 11 10 4 17 20 10 
11 17 16 1 15 3 20 2 6 20 8 8 13 10 8 1 4 8 2 19 18 5 5 0 5 7 5 18 2 11 20 
1 14 1 13 20 6 14 10 20 13 3 20 3 1 6 1 9 12 11 20 3 4 5 5 0 18 7 6 10 14 18 
1 17 16 17 1 6 1 5 17 10 2 16 19 20 4 10 7 3 6 3 3 17 11 7 18 0 6 2 8 9 3 
1 7 2 5 8 9 8 7 2 1 3 5 18 1 14 20 20 9 11 8 1 11 10 5 7 6 0 15 14 18 9 
18 10 10 17 6 17 1 2 13 6 5 19 8 3 13 11 18 3 19 8 1 3 4 18 6 2 15 0 18 15 18 
1 10 20 18 18 6 13 10 7 7 6 18 19 14 18 15 16 15 10 1 10 17 17 2 10 8 14 18 0 15 1 
13 19 19 7 19 9 5 3 12 11 6 4 3 4 10 13 12 3 8 8 12 6 20 11 14 9 18 15 15 0 13 
7 16 19 14 6 10 2 3 4 19 18 11 9 2 18 11 9 19 11 13 16 6 10 20 18 3 9 18 1 13 0