20 12
0 9 5 8 29 25 7 2 28 1 18 38 21 2 35 25 28 34 29 36 23 15 19 27 7 19 22 28 13 19 32 26 3 16 27 24 24 29 7 34 24 
37 0 2 3 40 38 11 33 1 35 15 33 37 30 36 1 33 34 14 4 24 36 33 32 27 1 35 40 30 2 12 38 6 17 5 2 1 16 8 12 19 
17 31 0 11 17 11 19 21 31 2 25 27 17 17 14 28 15 26 3 29 28 15 29 34 26 21 4 9 4 5 20 11 37 9 36 38 37 11 33 25 23 
32 20 11 0 14 28 13 7 19 32 21 26 2 13 37 22 14 7 36 35 35 5 6 11 35 18 39 17 22 8 16 32 38 7 3 5 10 22 40 25 37 
31 38 34 37 0 15 6 24 37 8 18 3 1 1 27 3 16 27 8 11 11 28 35 36 31 7 21 2 19 21 26 26 5 39 8 14 35 23 12 14 13 
14 26 18 38 37 0 24 18 29 37 15 20 21 21 20 22 35 38 6 15 16 5 36 5 1 23 31 7 21 33 12 10 20 33 19 14 35 21 36 12 28 
32 11 30 32 18 6 0 11 16 5 28 17 29 30 26 11 32 27 2 23 9 9 17 26 26 40 15 1 34 33 15 21 31 27 36 18 4 33 11 14 20 
25 15 32 25 19 6 4 0 36 11 39 8 33 25 10 28 37 32 23 33 35 34 17 18 9 6 16 28 11 29 40 14 28 35 8 18 25 1 34 38 2 
39 13 8 33 35 6 17 24 0 16 14 19 35 18 38 29 35 32 8 37 14 7 8 1 19 5 24 20 33 34 1 29 23 35 22 32 25 14 1 39 13 
29 36 20 2 30 22 29 30 17 0 39 27 11 40 13 34 25 28 22 38 32 19 27 26 12 39 23 27 20 30 32 30 3 33 38 5 5 2 33 6 18 
15 26 22 40 7 25 36 6 12 34 0 20 34 16 18 5 24 33 4 20 18 40 26 26 31 40 15 40 2 26 28 18 5 38 38 39 30 11 9 24 26 
7 23 13 19 19 3 35 39 10 20 14 0 8 20 7 26 32 12 4 2 3 34 29 18 40 7 26 32 25 15 19 36 25 29 22 38 14 3 1 21 38 
2 23 7 11 40 12 35 37 13 29 14 14 0 13 11 2 25 35 37 17 6 20 3 4 9 18 28 13 32 18 29 22 17 16 38 12 28 36 4 36 35 
2 18 33 21 6 38 1 12 20 34 22 5 26 0 35 5 40 17 7 4 28 4 33 33 7 3 35 29 26 2 18 17 6 3 4 21 17 8 7 16 36 
1 39 39 9 8 16 22 17 17 24 5 15 10 28 0 22 33 38 7 29 36 34 2 11 24 34 7 23 37 3 35 27 21 18 34 1 8 21 21 5 18 
14 25 2 28 13 7 17 14 11 1 34 21 1 18 22 0 30 25 38 9 34 37 16 22 24 20 39 35 11 10 15 9 12 40 7 18 14 5 34 5 12 
2 9 2 18 38 40 2 4 23 38 30 7 10 5 26 24 0 28 38 32 15 39 16 29 35 31 17 13 35 33 5 40 38 28 23 1 20 35 20 21 37 
15 36 10 25 11 39 37 26 27 26 36 3 4 12 31 6 2 0 19 27 34 39 20 20 33 38 36 17 28 3 27 19 6 1 18 18 31 25 8 23 27 
32 28 11 23 29 16 4 25 14 40 11 39 25 10 9 4 24 34 0 2 17 9 19 17 19 18 22 14 26 6 9 10 2 17 31 26 1 28 4 14 28 
15 31 33 32 16 2 38 11 25 5 36 14 9 14 34 4 19 35 12 0 4 36 8 18 31 14 25 29 33 26 39 7 25 13 34 27 19 35 40 32 1 
15 37 35 16 7 26 38 3 19 16 23 32 30 3 38 32 13 27 24 7 0 18 35 20 15 18 16 10 17 27 39 35 33 27 18 20 32 32 39 16 12 
30 13 34 3 25 18 9 6 2 2 15 40 1 6 35 17 32 38 38 27 4 0 12 29 10 33 34 14 40 31 8 9 15 35 37 8 37 33 20 21 2 
2 27 15 9 19 5 18 7 37 10 36 22 35 31 19 37 28 29 27 17 29 38 0 40 6 18 18 34 2 22 9 17 37 23 6 20 16 34 24 6 26 
36 23 2 11 17 2 37 6 35 18 12 8 34 24 13 24 24 9 33 12 7 35 15 0 16 22 1 21 23 39 26 37 34 37 35 20 20 9 39 8 16 
12 23 37 14 21 19 12 40 9 5 17 12 3 21 25 26 13 29 27 4 33 4 15 7 0 28 35 17 18 17 9 7 5 24 36 38 40 29 10 38 14 
8 35 28 22 14 32 6 29 33 1 22 15 8 9 21 30 5 9 28 6 18 21 22 18 18 0 22 19 10 29 8 10 19 1 1 25 7 2 39 18 27 
33 40 20 33 3 10 32 25 37 17 17 15 6 3 27 22 27 11 32 8 27 9 39 33 2 24 0 39 4 31 1 8 9 33 36 37 31 40 7 23 8 
33 22 14 24 1 33 12 26 28 35 16 29 2 9 9 33 1 1 32 19 9 21 25 8 35 11 30 0 21 23 4 28 25 19 29 40 10 22 33 35 22 
20 39 20 22 39 5 21 21 23 10 40 11 9 29 5 2 25 37 28 32 13 32 8 9 34 25 7 28 0 38 31 25 26 7 22 16 31 32 28 26 8 
38 15 5 19 29 12 29 9 21 17 21 16 13 34 20 17 32 24 5 8 36 22 23 18 31 26 3 17 2 0 32 9 1 27 2 12 25 19 10 7 2 
33 36 20 39 21 10 16 32 8 11 16 30 25 6 21 37 26 26 14 31 4 9 8 6 26 39 3 40 14 18 0 26 35 1 16 11 22 5 36 12 38 
38 12 27 9 5 21 32 8 29 33 13 38 18 21 20 8 33 2 15 10 39 17 10 40 24 18 38 27 12 10 15 0 33 28 3 13 40 5 26 8 4 
31 36 17 36 21 7 15 39 20 18 11 14 16 20 23 27 38 6 7 40 10 6 3 31 35 39 34 23 15 25 26 14 0 6 7 3 16 2 30 27 39 
26 3 1 21 30 39 22 27 26 7 29 17 4 25 21 4 3 25 10 11 18 4 5 27 35 35 23 22 16 7 35 16 36 0 36 35 33 36 26 13 18 
12 6 3 27 17 9 40 19 37 28 10 32 38 17 33 35 30 30 7 17 31 12 7 26 33 9 18 16 22 5 28 34 31 21 0 10 37 12 6 22 17 
36 29 14 25 40 10 15 16 8 23 17 8 23 9 34 7 13 24 12 35 18 15 21 15 2 36 23 34 30 30 12 33 34 29 17 0 17 25 37 1 9 
6 18 30 9 31 3 5 36 25 29 34 6 39 25 10 17 1 22 6 32 14 13 18 36 20 30 16 4 24 33 16 35 1 27 18 23 0 15 5 35 13 
33 18 40 8 17 40 24 13 36 11 9 1 34 20 21 37 8 30 40 14 24 37 4 4 9 28 16 8 13 10 35 16 20 11 40 18 13 0 28 37 36 
11 40 3 38 35 14 33 29 18 11 29 31 23 28 37 6 33 31 36 22 31 28 2 33 5 28 36 12 29 34 11 30 18 25 24 30 38 16 0 26 6 
26 23 13 5 20 20 20 2 33 26 20 25 27 33 29 14 35 10 35 7 22 1 9 12 10 24 11 32 35 17 25 37 11 32 10 10 40 9 13 0 10 
32 5 7 36 16 35 20 39 30 39 16 19 13 14 31 33 36 10 23 23 39 20 24 14 31 26 3 8 37 30 2 25 9 24 17 17 35 30 5 4 0