25 8
0 9 5 8 29 25 7 2 28 1 18 38 21 2 35 25 28 34 29 36 23 15 19 27 7 19 22 28 13 19 32 26 3 16 27 24 24 29 7 34 24 2 3 40 38 11 33 1 35 15 33
37 0 37 30 36 1 33 34 14 4 24 36 33 32 27 1 35 40 30 2 12 38 6 17 5 2 1 16 8 12 19 11 17 11 19 21 31 2 25 27 17 17 14 28 15 26 3 29 28 15 29
17 23 0 34 26 21 4 9 4 5 20 11 37 9 36 38 37 11 33 25 23 14 28 13 7 19 32 21 26 2 13 37 22 14 7 36 35 35 5 6 11 35 18 39 17 22 8 16 32 38 7
32 18 2 0 3 5 10 22 40 25 37 15 6 24 37 8 18 3 1 1 27 3 16 27 8 11 11 28 35 36 31 7 21 2 19 21 26 26 5 39 8 14 35 23 12 14 13 24 18 29 37
31 39 37 27 0 15 20 21 21 20 22 35 38 6 15 16 5 36 5 1 23 31 7 21 33 12 10 20 33 19 14 35 21 36 12 28 11 16 5 28 17 29 30 26 11 32 27 2 23 9 9
14 25 28 25 25 0 17 26 26 40 15 1 34 33 15 21 31 27 36 18 4 33 11 14 20 36 11 39 8 33 25 10 28 37 32 23 33 35 34 17 18 9 6 16 28 11 29 40 14 28 35
32 9 20 9 3 18 0 8 18 25 1 34 38 2 16 14 19 35 18 38 29 35 32 8 37 14 7 8 1 19 5 24 20 33 34 1 29 23 35 22 32 25 14 1 39 13 39 27 11 40 13
25 36 14 8 12 37 19 0 34 25 28 22 38 32 19 27 26 12 39 23 27 20 30 32 30 3 33 38 5 5 2 33 6 18 20 34 16 18 5 24 33 4 20 18 40 26 26 31 40 15 40
39 28 20 38 38 12 16 1 0 2 26 28 18 5 38 38 39 30 11 9 24 26 8 20 7 26 32 12 4 2 3 34 29 18 40 7 26 32 25 15 19 36 25 29 22 38 14 3 1 21 38
29 31 5 5 16 6 36 38 40 0 13 11 2 25 35 37 17 6 20 3 4 9 18 28 13 32 18 29 22 17 16 38 12 28 36 4 36 35 35 5 40 17 7 4 28 4 33 33 7 3 35
15 37 20 36 7 32 13 26 21 26 0 29 26 2 18 17 6 3 4 21 17 8 7 16 36 22 33 38 7 29 36 34 2 11 24 34 7 23 37 3 35 27 21 18 34 1 8 21 21 5 18
7 13 27 37 40 12 29 40 16 10 9 0 30 25 38 9 34 37 16 22 24 20 39 35 11 10 15 9 12 40 7 18 14 5 34 5 12 28 38 32 15 39 16 29 35 31 17 13 35 33 5
2 27 17 18 39 21 2 5 13 1 29 24 0 40 38 28 23 1 20 35 20 21 37 19 27 34 39 20 20 33 38 36 17 28 3 27 19 6 1 18 18 31 25 8 23 27 2 17 9 19 17
2 23 1 19 16 29 39 16 11 10 34 6 33 0 19 18 22 14 26 6 9 10 2 17 31 26 1 28 4 14 28 4 36 8 18 31 14 25 29 33 26 39 7 25 13 34 27 19 35 40 32
1 23 3 35 2 16 17 2 29 4 6 4 38 27 0 1 18 35 20 15 18 16 10 17 27 39 35 33 27 18 20 32 32 39 16 12 12 29 10 33 34 14 40 31 8 9 15 35 37 8 37
14 35 14 30 26 32 12 10 10 25 21 4 3 28 23 0 33 20 21 2 40 6 18 18 34 2 22 9 17 37 23 6 20 16 34 24 6 26 16 22 1 21 23 39 26 37 34 37 35 20 20
2 40 30 7 18 15 10 18 17 9 20 32 30 32 4 37 0 9 39 8 16 28 35 17 18 17 9 7 5 24 36 38 40 29 10 38 14 22 19 10 29 8 10 19 1 1 25 7 2 39 18
15 22 40 19 5 22 13 5 34 30 25 17 13 32 29 28 4 0 27 39 4 31 1 8 9 33 36 37 31 40 7 23 8 21 23 4 28 25 19 29 40 10 22 33 35 22 38 31 25 26 7
32 39 3 40 2 40 20 1 9 1 17 37 1 28 7 1 33 26 0 22 16 31 32 28 26 8 32 9 1 27 2 12 25 19 10 7 2 26 35 1 16 11 22 5 36 12 38 33 28 3 13
15 15 13 6 19 15 17 17 29 35 9 24 8 5 33 20 12 30 22 0 40 5 26 8 4 6 7 3 16 2 30 27 39 36 35 33 36 26 13 18 10 37 12 6 22 17 17 25 37 1 9
15 36 7 8 32 5 11 35 20 34 25 26 33 14 18 15 14 7 30 35 0 15 5 35 13 28 37 36 26 6 10 2 25 9 39 35 5 25 19 26 12 20 23 35 6 20 30 19 38 40 29
30 12 37 13 10 24 23 10 16 3 20 30 35 15 27 15 18 3 24 16 13 0 40 4 11 7 28 16 33 26 14 34 38 1 13 25 35 15 3 36 15 18 26 32 9 36 30 32 26 22 7
2 36 38 38 33 33 27 17 14 8 28 22 36 7 9 22 2 3 13 30 38 4 0 3 29 12 33 33 34 13 24 5 4 3 12 19 3 33 37 6 33 20 18 31 36 2 20 21 39 36 5
36 3 32 11 5 20 14 11 5 6 33 33 34 10 13 39 35 38 29 37 40 21 28 0 24 26 2 38 3 34 7 22 36 24 5 6 29 33 1 21 14 38 38 26 33 24 17 24 5 17 36
12 6 25 29 12 20 25 33 15 2 14 2 35 7 36 25 34 34 35 25 35 9 13 27 0 37 6 11 27 9 36 16 7 31 33 14 5 21 19 9 29 3 21 11 3 34 12 15 38 38 8
8 29 33 16 10 24 19 18 21 9 22 17 27 12 4 8 31 23 37 36 16 8 39 34 40 0 30 4 30 40 15 1 3 17 3 15 34 3 13 29 16 33 21 5 39 13 20 28 31 2 2
33 18 2 7 21 30 2 7 7 13 26 37 38 6 39 23 26 18 18 31 9 38 13 37 5 13 0 37 28 22 5 13 32 37 33 39 29 31 18 20 26 35 17 1 3 30 15 29 31 10 28
33 18 40 25 7 6 37 28 3 25 31 8 29 40 10 8 24 23 10 34 30 14 25 8 18 24 40 0 8 1 35 20 1 22 38 14 22 5 19 39 15 12 37 20 25 34 5 27 39 40 15
20 40 19 19 39 39 35 23 39 18 9 27 9 36 18 10 35 16 25 1 13 33 24 37 6 22 38 23 0 26 14 10 24 20 32 10 24 36 33 21 8 19 18 1 6 8 15 17 24 4 39
38 23 11 17 9 37 9 29 14 16 34 4 29 35 31 3 35 16 7 20 5 8 15 1 19 23 22 17 25 0 33 11 19 5 1 28 5 1 35 22 40 36 31 18 38 34 15 14 4 36 3
33 5 21 21 10 12 33 11 32 4 38 35 9 23 18 5 33 36 5 18 4 25 38 22 17 1 27 4 40 33 0 21 8 37 33 12 15 20 4 10 29 15 19 4 6 13 12 4 4 6 19
38 11 9 14 3 17 37 11 40 38 35 7 11 7 14 7 2 11 30 11 26 9 22 24 14 32 33 25 20 9 27 0 34 16 17 21 23 40 25 28 32 12 8 5 18 20 24 30 23 26 33
31 34 28 3 40 14 28 26 22 23 19 17 1 27 24 21 20 3 33 9 27 17 30 3 18 11 39 21 1 4 2 28 0 24 20 20 9 10 30 9 6 17 23 11 31 5 10 23 7 21 12
26 18 18 1 14 4 23 39 8 39 13 37 37 17 31 18 9 28 10 21 38 8 40 38 4 36 36 20 29 14 12 3 9 0 35 3 23 33 33 22 12 3 40 4 20 37 16 4 19 1 7
12 30 25 39 20 26 21 14 12 34 25 6 24 12 22 4 5 17 34 29 9 37 10 32 20 1 31 4 11 4 6 13 11 3 0 15 33 10 15 20 33 35 35 29 33 12 23 28 18 15 9
36 32 23 29 35 25 8 14 15 23 21 14 26 4 39 2 10 40 17 27 35 31 31 35 35 6 37 6 2 2 14 23 37 13 24 0 2 32 12 24 40 14 29 39 11 2 21 36 4 32 23
6 8 32 21 4 11 29 22 15 27 27 33 2 6 38 9 31 27 30 11 16 40 38 22 36 12 39 8 28 4 12 30 36 24 18 11 0 32 33 37 39 37 31 27 17 21 12 15 17 20 27
33 20 16 5 17 3 20 5 29 13 9 2 6 8 35 24 24 23 15 25 9 18 5 35 22 34 11 9 22 3 7 25 11 23 11 24 5 0 19 19 8 28 14 23 32 19 17 21 23 26 34
11 22 3 21 29 6 26 34 11 28 5 24 25 19 4 7 11 22 26 32 13 11 26 11 34 14 34 27 32 22 21 6 10 24 5 4 21 11 0 13 29 31 3 6 3 33 37 21 11 32 1
26 13 9 30 36 7 37 30 16 18 20 19 30 32 21 18 25 16 35 24 23 33 26 24 3 19 37 22 39 2 5 16 11 8 37 6 20 4 26 0 36 29 38 24 24 29 35 6 23 11 29
32 7 11 17 35 6 8 36 30 5 21 13 24 8 9 33 26 34 28 17 15 27 37 10 24 32 39 2 38 1 10 22 40 25 33 16 21 28 10 36 0 24 22 37 31 37 40 29 33 26 8
31 33 14 40 35 40 25 11 38 12 20 32 22 31 21 8 39 4 12 18 10 27 26 10 2 24 17 33 36 14 3 39 16 18 39 6 6 40 16 11 37 0 17 11 9 40 20 36 30 33 20
20 39 22 31 1 29 36 36 14 10 23 28 30 10 32 9 18 8 16 40 32 18 23 7 27 26 20 24 28 13 23 16 21 14 28 13 22 18 16 38 12 9 0 34 33 38 19 1 8 25 12
38 2 33 17 22 25 18 23 17 14 21 24 31 40 22 18 39 12 35 24 19 7 4 21 36 13 39 19 20 19 38 28 18 16 38 22 5 37 5 4 32 22 40 0 29 35 24 4 7 35 9
26 2 24 35 17 26 33 15 32 3 33 13 10 11 9 6 35 32 11 10 33 12 31 27 38 12 30 27 32 36 29 35 20 21 31 37 5 37 34 23 1 12 20 29 0 26 31 34 3 13 29
11 10 22 20 2 21 30 36 8 6 34 5 10 17 17 40 9 8 25 17 14 2 28 22 28 40 23 30 33 17 15 22 28 26 33 14 2 39 31 16 15 34 14 29 12 0 25 23 39 12 36
15 11 19 16 37 9 34 12 6 31 10 27 12 35 6 31 36 2 2 23 2 3 38 39 13 38 33 13 39 12 8 27 36 24 13 31 21 12 31 20 4 15 10 14 29 19 0 5 15 21 22
13 33 39 6 4 32 20 17 1 24 21 1 24 32 4 27 30 14 14 18 40 14 10 3 8 40 14 15 28 26 13 24 29 15 5 3 21 10 34 29 11 28 22 6 38 12 36 0 25 30 27
36 35 9 6 38 8 29 22 31 21 37 25 38 14 12 26 28 12 16 30 7 35 38 16 9 24 22 3 15 16 8 21 10 37 14 24 17 7 37 13 14 30 28 7 38 18 29 4 0 22 7
26 34 36 6 38 39 34 17 25 9 29 32 27 22 15 15 28 15 34 10 24 16 18 26 33 32 25 16 7 29 15 31 5 13 10 36 32 23 26 9 30 36 33 25 38 2 29 18 33 0 26
23 15 21 22 9 27 24 16 19 3 31 26 33 7 13 36 24 16 33 17 17 5 39 19 18 7 4 16 33 22 17 2 31 9 14 9 1 37 25 3 21 11 40 29 32 4 7 30 11 35 0